0 0.298057 0.746515 0.261362 0.3927 0.872515
0 0.0925181 0.805821 0.184426 0.367593 0.82426
0 0.376346 0.459707 0.163436 0.174682 0.823535
0 0.518946 0.441438 0.130947 0.175301 0.801517
0 0.843319 0.405912 0.114687 0.115982 0.794602
0 0.81043 0.257864 0.0622308 0.0605221 0.717466
0 0.600121 0.211692 0.0670624 0.0445927 0.688526
0 0.963742 0.294825 0.067091 0.0565982 0.559838
0 0.432542 0.206092 0.0543856 0.0409899 0.535632
0 0.0947575 0.617382 0.189515 0.268994 0.535499
0 0.315949 0.333771 0.132154 0.135314 0.501185
