0 0.559216 0.505859 0.134426 0.115829 0.808525
0 0.778722 0.452203 0.0996812 0.0741575 0.776078
0 0.166479 0.407152 0.0918956 0.0786124 0.762088
0 0.157454 0.632872 0.126875 0.0966263 0.761004
0 0.273293 0.642395 0.121753 0.0958078 0.758025
0 0.608396 0.394307 0.0916937 0.0665309 0.748235
0 0.0519624 0.616602 0.103834 0.115814 0.741321
0 0.450579 0.342174 0.0827871 0.0701972 0.737679
0 0.861466 0.352809 0.0682808 0.0679556 0.723677
0 0.25329 0.370192 0.0785917 0.0721842 0.579567
0 0.252055 0.329228 0.0806681 0.0617447 0.543235
