0 0.0698159 0.610289 0.139632 0.134655 0.850483
0 0.071866 0.469593 0.106534 0.100953 0.84067
0 0.545786 0.525796 0.11451 0.0963352 0.828994
0 0.128954 0.392579 0.0818082 0.0707402 0.8282
0 0.857243 0.35353 0.0690884 0.0764431 0.811503
0 0.238026 0.653461 0.130768 0.11067 0.81024
0 0.805038 0.553833 0.126378 0.0977865 0.805687
0 0.280133 0.383568 0.0872875 0.0719106 0.796399
0 0.409353 0.341513 0.0790219 0.0618237 0.786132
0 0.762348 0.336654 0.0649147 0.060592 0.758679
0 0.868503 0.463978 0.109273 0.0826386 0.686376
