0 0.228016 0.357724 0.0893888 0.0779301 0.827897
0 0.740122 0.399296 0.103096 0.0741959 0.822729
0 0.108126 0.410352 0.081897 0.0667763 0.816988
0 0.403732 0.319585 0.0763211 0.0544218 0.795751
0 0.22786 0.526381 0.126645 0.0851159 0.778842
0 0.149189 0.383132 0.0836648 0.0816471 0.740464
0 0.866935 0.347271 0.0668087 0.0607834 0.734122
0 0.0386379 0.423163 0.0758085 0.0752122 0.711843
0 0.555041 0.398132 0.103611 0.0800724 0.602935
0 0.897077 0.470775 0.0977203 0.0716107 0.602302
0 0.195582 0.313773 0.0751506 0.0564728 0.580913
0 0.0563684 0.363642 0.074466 0.0531026 0.568145
0 0.701721 0.372928 0.0918603 0.0648553 0.535074
