1 0.713949 0.398124 0.179951 0.156582 0.862764
0 0.0691773 0.614719 0.135929 0.114186 0.852293
0 0.105947 0.385369 0.0808263 0.0715134 0.815769
0 0.209024 0.382541 0.0853004 0.0817546 0.810465
0 0.262666 0.323735 0.0730181 0.058105 0.801786
0 0.0565755 0.533614 0.112933 0.0755426 0.781141
0 0.441019 0.384103 0.0836106 0.0588355 0.750409
0 0.84398 0.410646 0.0872945 0.069074 0.732156
0 0.0527336 0.400052 0.0764302 0.0715059 0.717806
0 0.872175 0.346594 0.0710878 0.0710833 0.695215
0 0.449225 0.329067 0.0696054 0.05088 0.532249
