0 0.366094 0.517738 0.112314 0.0921015 0.841967
0 0.103156 0.486525 0.099732 0.0825751 0.830443
0 0.183503 0.380823 0.084059 0.0725168 0.808431
0 0.303448 0.347235 0.0834786 0.0701911 0.787498
0 0.135301 0.426058 0.0910968 0.0722188 0.78285
0 0.245776 0.36872 0.0808929 0.0788598 0.713006
0 0.728826 0.656648 0.136469 0.116249 0.698192
0 0.785062 0.354606 0.0650495 0.060493 0.683804
0 0.848619 0.357503 0.0640469 0.0670658 0.674346
2 0.704645 0.444898 0.531615 0.366209 0.659256
0 0.054752 0.624641 0.109504 0.109888 0.641541
0 0.209547 0.664097 0.127465 0.103901 0.612249
