0 0.139408 0.633556 0.12355 0.0983983 0.832574
0 0.0643394 0.434528 0.0898008 0.0864223 0.817551
0 0.224186 0.449198 0.0894041 0.0744693 0.799279
0 0.774814 0.330331 0.0761424 0.0699918 0.788725
0 0.875531 0.570583 0.126234 0.10146 0.788459
0 0.70583 0.647248 0.149344 0.117037 0.783796
0 0.851812 0.359257 0.0681797 0.0614388 0.767602
0 0.553745 0.556086 0.124008 0.101327 0.765143
0 0.157689 0.506351 0.0942744 0.0777202 0.758895
0 0.253828 0.368166 0.0792457 0.0764008 0.699905
0 0.0419325 0.359808 0.0824167 0.0711963 0.611769
0 0.187258 0.373928 0.110953 0.0797044 0.514334
