0 0.730745 0.428974 0.104918 0.0805929 0.842552
0 0.618908 0.399568 0.107277 0.0883058 0.832722
0 0.092962 0.480338 0.0920729 0.0885777 0.823671
0 0.230201 0.395572 0.0893437 0.0751695 0.806932
0 0.157162 0.455593 0.0942685 0.0857829 0.762136
0 0.0642892 0.321126 0.074918 0.0695211 0.706562
0 0.848602 0.357263 0.0632229 0.0630732 0.704221
0 0.539191 0.493333 0.107539 0.0864551 0.68824
0 0.785243 0.353929 0.0643282 0.0578833 0.652423
0 0.20919 0.663991 0.127375 0.103364 0.641299
0 0.608941 0.544752 0.115125 0.0910763 0.58918
0 0.054962 0.624792 0.109924 0.110535 0.584034
