0 0.091698 0.415038 0.0852586 0.0708545 0.832992
0 0.0698671 0.60995 0.139731 0.119788 0.829835
0 0.190683 0.481894 0.141386 0.114998 0.829587
0 0.279954 0.382077 0.0881771 0.0719074 0.823984
0 0.668649 0.497252 0.108845 0.0847653 0.819865
0 0.355819 0.323716 0.0805129 0.0683567 0.81616
0 0.852723 0.466391 0.107946 0.0816506 0.795041
0 0.792224 0.29499 0.080335 0.0696112 0.787284
0 0.251632 0.313547 0.0893948 0.0727653 0.783307
0 0.857337 0.351438 0.0706112 0.0717331 0.652156
0 0.0625969 0.293247 0.0656111 0.0515463 0.571443
