0 0.733256 0.55962 0.133562 0.118172 0.855132
0 0.0859373 0.476899 0.0936875 0.0816469 0.834052
0 0.163213 0.459765 0.108659 0.0938621 0.825869
0 0.164453 0.636125 0.123212 0.0977816 0.819778
0 0.619106 0.416572 0.0949431 0.0773662 0.815265
0 0.300277 0.330465 0.0792206 0.0671583 0.797173
0 0.424253 0.322593 0.0802706 0.0726346 0.794511
0 0.0585289 0.404338 0.0865144 0.0709145 0.764906
0 0.80159 0.317975 0.0629673 0.0735492 0.753489
0 0.0993724 0.6006 0.124151 0.106112 0.752188
0 0.561884 0.554719 0.114902 0.105938 0.579971
0 0.253026 0.305117 0.0725232 0.0517307 0.536018
