0 0.459449 0.516409 0.161081 0.211137 0.827551
0 0.0812801 0.540197 0.151386 0.182851 0.81917
0 0.211518 0.843689 0.300994 0.307094 0.808629
0 0.490446 0.214362 0.0752909 0.0570668 0.756291
0 0.443091 0.379657 0.123533 0.133496 0.755244
0 0.782228 0.251919 0.0545294 0.0734625 0.734913
0 0.922894 0.34472 0.107651 0.103428 0.613458
0 0.854631 0.257332 0.0745892 0.0597918 0.563692
0 0.586735 0.17971 0.0447601 0.0384254 0.54159
0 0.27347 0.370981 0.119165 0.120312 0.529385
0 0.355277 0.37113 0.122252 0.130107 0.528199
0 0.406362 0.20579 0.0515827 0.0386955 0.516794
