0 0.294187 0.497818 0.108107 0.0872526 0.842762
0 0.105079 0.483606 0.0938368 0.0879419 0.836683
0 0.352414 0.455249 0.0927855 0.0729466 0.830549
0 0.183257 0.380622 0.083868 0.0734683 0.820635
0 0.0853611 0.349043 0.0775086 0.0772119 0.796017
0 0.246315 0.368905 0.0805301 0.0788658 0.755189
0 0.785008 0.354353 0.0651745 0.0617431 0.733563
0 0.828051 0.593222 0.130386 0.103482 0.723684
0 0.521958 0.556192 0.111704 0.0891764 0.712756
0 0.848464 0.357565 0.0640533 0.0656676 0.700453
0 0.209139 0.664987 0.127412 0.10538 0.651096
0 0.055126 0.625058 0.110252 0.1119 0.554006
