0 0.712871 0.531734 0.126664 0.097642 0.842717
0 0.851094 0.354014 0.0744385 0.0776878 0.766354
0 0.366247 0.450151 0.0948401 0.0732827 0.757504
0 0.149152 0.365972 0.100784 0.0879137 0.746655
0 0.127323 0.631612 0.165493 0.118942 0.744482
0 0.230852 0.516179 0.111664 0.0812311 0.738501
0 0.419373 0.499897 0.0994764 0.0851664 0.677301
0 0.212428 0.673067 0.128236 0.0897344 0.565138
0 0.866523 0.599977 0.12508 0.102944 0.545992
0 0.218869 0.365716 0.0784266 0.0721812 0.541075
0 0.0331253 0.312199 0.0659845 0.0645901 0.52725
