0 0.591774 0.493761 0.113344 0.101249 0.834593
0 0.641443 0.389753 0.0891384 0.0661012 0.823159
0 0.0577273 0.623 0.115021 0.110244 0.808146
0 0.24004 0.452596 0.0992681 0.0803879 0.805227
0 0.147209 0.49892 0.100007 0.0801299 0.804117
0 0.382585 0.330787 0.0819037 0.0692569 0.801393
0 0.182849 0.379676 0.0836457 0.0716585 0.793004
0 0.11661 0.391805 0.0858772 0.0701788 0.755206
0 0.785021 0.354456 0.0642946 0.0595083 0.721944
0 0.245333 0.366384 0.0782922 0.0744037 0.717729
0 0.848435 0.357922 0.0633141 0.0635142 0.679348
0 0.209728 0.664056 0.128191 0.102521 0.679062
0 0.703379 0.643123 0.138294 0.114255 0.659227
