0 0.246998 0.59439 0.215978 0.264329 0.866342
0 0.527746 0.424596 0.126392 0.17333 0.821036
0 0.0693371 0.571378 0.138674 0.198081 0.804985
0 0.35718 0.367711 0.135823 0.146354 0.791936
0 0.115216 0.434728 0.148403 0.132475 0.727157
0 0.482536 0.225189 0.0820464 0.0667902 0.717381
0 0.461416 0.364979 0.114282 0.126287 0.709122
0 0.389891 0.205884 0.0542289 0.0449362 0.606997
0 0.847501 0.237852 0.0612124 0.0539111 0.601036
0 0.93309 0.267702 0.060696 0.0508152 0.593244
0 0.624087 0.181611 0.0449177 0.0349312 0.533134
0 0.316288 0.226546 0.0427985 0.0361967 0.505367
