0 0.246686 0.594783 0.215879 0.263225 0.86862
0 0.527556 0.424502 0.125944 0.172654 0.822427
0 0.357101 0.367663 0.135241 0.1472 0.793567
0 0.0692161 0.571314 0.138432 0.198075 0.791854
0 0.833274 0.298211 0.0786081 0.0935433 0.781814
0 0.391654 0.253867 0.0788129 0.0647866 0.739441
0 0.461445 0.364209 0.114381 0.1233 0.722994
0 0.115197 0.432418 0.14936 0.131173 0.700273
0 0.543302 0.189986 0.0564848 0.037618 0.655744
0 0.933283 0.267757 0.0603161 0.05057 0.578177
0 0.432491 0.203627 0.0563784 0.0360834 0.535312
