0 0.745342 0.521683 0.120415 0.0922782 0.835466
0 0.0882956 0.514683 0.148256 0.116494 0.826033
0 0.344739 0.357578 0.0837163 0.0690011 0.807239
0 0.744997 0.408495 0.101442 0.0755685 0.797663
0 0.85227 0.349562 0.0738384 0.0790126 0.761493
0 0.416449 0.358278 0.0682214 0.0596281 0.72995
0 0.0651123 0.393683 0.119835 0.101622 0.69473
0 0.142378 0.390565 0.0866124 0.0836839 0.670793
0 0.249672 0.523119 0.120307 0.0838257 0.649865
0 0.314045 0.318187 0.0702278 0.0515003 0.584989
0 0.469234 0.322445 0.0925818 0.0859103 0.578203
