0 0.58834 0.501944 0.108673 0.0908735 0.832237
0 0.0965007 0.417215 0.0923508 0.0778442 0.819415
0 0.209348 0.416843 0.0908802 0.074879 0.810011
0 0.420383 0.533184 0.109212 0.0882487 0.795561
0 0.0682945 0.607127 0.131263 0.112541 0.793125
0 0.230476 0.367983 0.0826422 0.0721193 0.756683
0 0.439887 0.330484 0.0774403 0.067229 0.750602
0 0.862144 0.350629 0.0681969 0.0749312 0.737394
0 0.780951 0.578984 0.11873 0.101974 0.732767
0 0.281385 0.52999 0.114875 0.108543 0.688135
0 0.378689 0.480227 0.085298 0.074598 0.578218
