0 0.163796 0.507551 0.0984663 0.0844594 0.791106
0 0.183284 0.381059 0.0842843 0.0731574 0.789325
0 0.240201 0.478807 0.104146 0.0965546 0.782709
0 0.0902797 0.387492 0.0867241 0.0741887 0.774997
0 0.258722 0.306855 0.0806767 0.0590316 0.76868
0 0.784897 0.354267 0.0646454 0.060634 0.740255
0 0.245943 0.368988 0.0803648 0.0761522 0.71477
0 0.848328 0.357968 0.0634527 0.0639858 0.710445
0 0.209562 0.665045 0.128767 0.105595 0.594749
0 0.927848 0.620576 0.126469 0.100883 0.556893
0 0.137273 0.301006 0.0791797 0.0629261 0.521628
