0 0.27771 0.488581 0.103792 0.0979151 0.862292
0 0.209576 0.407797 0.0980544 0.0907328 0.838366
0 0.382524 0.560708 0.112414 0.092166 0.831083
0 0.0443342 0.369843 0.0863593 0.0774644 0.817746
0 0.394047 0.37385 0.0786636 0.0622338 0.8105
0 0.86392 0.349563 0.0727436 0.0798603 0.803604
0 0.112025 0.650445 0.128893 0.101396 0.796016
0 0.602603 0.379564 0.0818478 0.0638072 0.788307
0 0.160282 0.318983 0.0713313 0.0570782 0.768067
0 0.700234 0.599935 0.125375 0.100663 0.710902
0 0.886301 0.475066 0.101936 0.0756354 0.692383
