0 0.246923 0.803369 0.303426 0.385934 0.88141
0 0.527932 0.424794 0.126564 0.173707 0.821101
0 0.069475 0.571195 0.13895 0.197698 0.805246
0 0.357049 0.367108 0.135164 0.147921 0.792685
0 0.247443 0.592352 0.214546 0.258029 0.773739
0 0.604495 0.22983 0.0745314 0.054074 0.733995
0 0.461637 0.365058 0.114805 0.124087 0.700479
0 0.115275 0.434812 0.148752 0.131987 0.693174
0 0.456433 0.24402 0.0821623 0.0647335 0.681383
0 0.908684 0.275684 0.0683575 0.0594482 0.6198
0 0.788158 0.215861 0.061253 0.0528649 0.580356
0 0.656308 0.199856 0.0567205 0.0469736 0.539919
