0 0.112901 0.488159 0.100469 0.0871323 0.851468
0 0.101099 0.601136 0.126747 0.106321 0.843193
0 0.146269 0.390922 0.0832828 0.0783622 0.835458
0 0.730471 0.605786 0.130726 0.119628 0.835241
0 0.61902 0.398392 0.0906504 0.0768428 0.817612
0 0.318491 0.308515 0.0772948 0.0682124 0.812463
0 0.745065 0.446461 0.099081 0.0718664 0.806029
0 0.412003 0.354287 0.069791 0.0631822 0.801321
0 0.221941 0.474481 0.103075 0.0952447 0.792954
0 0.822706 0.313643 0.0651884 0.0744076 0.765569
0 0.199257 0.327483 0.0749219 0.0595915 0.764621
2 0.146507 0.238222 0.231791 0.132969 0.759334
0 0.759958 0.541138 0.121807 0.0947397 0.745789
0 0.715413 0.399561 0.093045 0.0639089 0.711223
0 0.0830815 0.276536 0.0746763 0.0638051 0.565593
0 0.506931 0.520914 0.11245 0.0936808 0.521335
