0 0.0884682 0.474783 0.0821889 0.0786728 0.827305
0 0.246336 0.363257 0.0822852 0.0806473 0.819506
0 0.382758 0.55904 0.127312 0.0962857 0.817911
0 0.658428 0.508035 0.128331 0.108566 0.814892
0 0.0728723 0.396418 0.0960077 0.080039 0.781272
0 0.409597 0.365487 0.0987288 0.0771054 0.751172
0 0.725431 0.643959 0.128885 0.124109 0.739074
0 0.875407 0.457731 0.122744 0.0934272 0.732071
0 0.602262 0.3843 0.120695 0.0865036 0.724357
0 0.133586 0.640208 0.126284 0.086198 0.677926
0 0.0883548 0.606418 0.130602 0.0925381 0.631861
0 0.357285 0.325284 0.066677 0.0598604 0.566838
0 0.366787 0.500828 0.123388 0.0962578 0.557676
0 0.0190912 0.350032 0.0381824 0.0698585 0.520608
0 0.220577 0.309309 0.0752207 0.053405 0.503147
