0 0.244184 0.370337 0.0953355 0.0726269 0.800315
0 0.10702 0.446026 0.0939723 0.0758703 0.785452
0 0.827893 0.459506 0.0975727 0.081709 0.777449
0 0.85547 0.351709 0.0676041 0.0635393 0.722804
0 0.297368 0.296071 0.0736275 0.0531362 0.706594
0 0.763702 0.385092 0.0966138 0.0697162 0.682943
0 0.537399 0.397982 0.0974464 0.0775886 0.671952
0 0.77174 0.327371 0.0695669 0.060231 0.648469
0 0.209844 0.302485 0.0704851 0.0547121 0.62697
0 0.428049 0.334406 0.0799624 0.0702415 0.56746
0 0.805551 0.417271 0.0861736 0.0627318 0.536815
0 0.253482 0.328556 0.0823671 0.0617368 0.530032
0 0.863553 0.595974 0.136744 0.102733 0.515446
