0 0.526949 0.424518 0.12625 0.173254 0.819623
0 0.0693455 0.572142 0.138691 0.195775 0.816463
0 0.356687 0.369533 0.136548 0.151793 0.750766
0 0.461693 0.364553 0.11515 0.123918 0.70963
0 0.623167 0.212929 0.069017 0.0478308 0.679457
0 0.09867 0.442524 0.151762 0.131223 0.64816
0 0.777555 0.279732 0.0463591 0.0760179 0.643884
0 0.323298 0.257779 0.076979 0.0643709 0.643848
0 0.540393 0.190564 0.0557207 0.03728 0.604661
0 0.82654 0.250285 0.0713502 0.0623662 0.598158
0 0.2644 0.378148 0.115997 0.125325 0.557894
