0 0.236759 0.357281 0.0879358 0.0849806 0.784915
0 0.736888 0.423435 0.0983139 0.0653432 0.776343
0 0.155229 0.390422 0.0752713 0.0717538 0.774943
0 0.668366 0.390011 0.088406 0.066369 0.76599
0 0.0868521 0.405932 0.0776999 0.072189 0.764662
0 0.790963 0.394324 0.0932663 0.0671176 0.736351
0 0.130708 0.299654 0.0763385 0.0639345 0.722179
0 0.303064 0.348036 0.0806355 0.0610162 0.71554
0 0.624678 0.300267 0.0774164 0.05715 0.573223
0 0.282208 0.305492 0.0783022 0.0528149 0.554631
0 0.0520849 0.363144 0.0823505 0.0698256 0.526528
