0 0.0784078 0.443649 0.0909659 0.0813708 0.81481
0 0.817139 0.413034 0.126344 0.0945542 0.799124
0 0.306883 0.317589 0.0787563 0.0616308 0.794941
0 0.183953 0.374469 0.0811056 0.0813972 0.785531
0 0.23643 0.661701 0.137801 0.103873 0.740059
0 0.0577599 0.345315 0.0801412 0.068016 0.715039
0 0.834994 0.544948 0.137587 0.112963 0.710908
0 0.878043 0.610118 0.136392 0.10529 0.704059
0 0.246057 0.452271 0.0971394 0.0791599 0.700732
0 0.120298 0.638774 0.116183 0.100446 0.65595
0 0.870736 0.347115 0.0707851 0.0813953 0.541962
0 0.582679 0.568347 0.128981 0.0960024 0.533
0 0.756795 0.65844 0.129251 0.112332 0.507263
