0 0.727587 0.543165 0.117726 0.0893645 0.844093
0 0.311629 0.494979 0.114042 0.106099 0.829463
0 0.407393 0.571129 0.111742 0.0988038 0.828573
0 0.67037 0.408615 0.0912216 0.0761156 0.827306
0 0.852783 0.351621 0.0720802 0.0777893 0.81902
0 0.442842 0.341205 0.0862615 0.0761763 0.78775
0 0.761752 0.337206 0.0654669 0.0618325 0.783561
0 0.195678 0.506452 0.109102 0.100971 0.77995
0 0.208096 0.381343 0.0933877 0.0896389 0.739535
0 0.0770349 0.608871 0.126997 0.107165 0.737744
0 0.0547381 0.37625 0.0762637 0.0665183 0.732388
0 0.239327 0.661816 0.12799 0.105413 0.72216
0 0.209537 0.447462 0.0937773 0.0761846 0.681019
0 0.254346 0.367429 0.108172 0.089448 0.673689
0 0.10514 0.356665 0.0683354 0.0691484 0.62606
