0 0.25909 0.492332 0.106446 0.0853661 0.830545
0 0.359715 0.348551 0.0842732 0.0649584 0.802469
0 0.749214 0.579328 0.110626 0.0935608 0.795581
0 0.681605 0.521508 0.119168 0.0849982 0.790703
0 0.344562 0.284313 0.0748318 0.0508922 0.748089
0 0.756533 0.33453 0.0737284 0.0687864 0.741868
0 0.402982 0.490502 0.0975035 0.0827568 0.732303
0 0.857046 0.350933 0.0639877 0.0719691 0.724792
0 0.0943235 0.477739 0.110051 0.101507 0.717071
0 0.806751 0.344577 0.0576784 0.0619118 0.700972
0 0.252235 0.41685 0.0824777 0.0799817 0.693866
0 0.471462 0.58905 0.113356 0.0926802 0.64207
0 0.473425 0.354635 0.0828629 0.0627218 0.59415
0 0.87269 0.447663 0.108173 0.0843457 0.593805
