0 0.133762 0.490436 0.100785 0.081818 0.850136
0 0.62301 0.498418 0.113136 0.103449 0.847582
0 0.733782 0.415549 0.0945783 0.0751136 0.830143
0 0.231266 0.357461 0.0903155 0.080572 0.815324
0 0.377389 0.368281 0.0842819 0.0588866 0.813957
0 0.0487019 0.426509 0.0792747 0.072455 0.801008
0 0.867129 0.3474 0.0673176 0.0613245 0.74994
0 0.266925 0.420588 0.0889275 0.0661452 0.739521
0 0.249151 0.480168 0.0903388 0.0781978 0.714153
0 0.102675 0.403678 0.0875755 0.0795054 0.712167
0 0.0650759 0.350154 0.0994855 0.0870983 0.642053
0 0.152083 0.290182 0.0701926 0.0575705 0.598374
0 0.461594 0.501731 0.103713 0.0830638 0.505348
