0 0.723578 0.381844 0.0967433 0.0779192 0.832956
0 0.547737 0.467587 0.114495 0.0775558 0.821091
0 0.76658 0.514183 0.113389 0.0843464 0.81997
0 0.319301 0.320989 0.0760498 0.0578543 0.786702
0 0.139565 0.388269 0.0848635 0.0842482 0.77408
0 0.423704 0.382836 0.0715916 0.0601248 0.709661
0 0.84622 0.489062 0.108647 0.0884482 0.675597
0 0.213518 0.387979 0.0767273 0.0710907 0.662475
0 0.392158 0.353682 0.0756881 0.0549125 0.563826
0 0.0452888 0.424052 0.0900943 0.0900991 0.523759
0 0.448319 0.332161 0.073699 0.0562525 0.501444
