0 0.0929332 0.325294 0.0838287 0.0856192 0.836379
0 0.110523 0.479088 0.110332 0.098724 0.829476
0 0.706899 0.42869 0.105289 0.0854886 0.817042
0 0.285661 0.431953 0.0954543 0.0915297 0.798778
0 0.617335 0.409335 0.0903367 0.0742111 0.771128
0 0.856847 0.381644 0.087706 0.0848489 0.746948
0 0.785035 0.354135 0.0659608 0.061892 0.717201
0 0.158888 0.429313 0.086686 0.0824938 0.71611
0 0.492841 0.434187 0.10919 0.0827836 0.643727
0 0.21021 0.665252 0.129553 0.107749 0.579075
0 0.0553014 0.624961 0.110603 0.112545 0.562667
