0 0.298136 0.745542 0.262297 0.391428 0.874394
0 0.376676 0.458819 0.163424 0.174446 0.826618
0 0.519487 0.442079 0.130228 0.176189 0.801475
0 0.314478 0.333194 0.137811 0.130217 0.73772
0 0.888275 0.284856 0.0821652 0.0835129 0.734952
0 0.0950894 0.622396 0.189888 0.274091 0.67245
0 0.181384 0.321089 0.105394 0.0991496 0.671095
0 0.69229 0.251259 0.0797194 0.0672021 0.617387
0 0.544893 0.192056 0.0401752 0.0617293 0.558133
0 0.581123 0.188554 0.031326 0.0401057 0.53783
0 0.0685701 0.840929 0.137135 0.302857 0.534516
