0 0.0549328 0.42411 0.0926038 0.0911974 0.817745
0 0.398642 0.375845 0.0801544 0.0626928 0.810301
0 0.805496 0.461557 0.101495 0.0739821 0.807514
0 0.327031 0.340605 0.0795806 0.0591994 0.796917
0 0.0428765 0.570597 0.0856495 0.119884 0.782056
0 0.724659 0.426706 0.0825232 0.0664234 0.771322
0 0.829975 0.399908 0.0989418 0.0803341 0.755172
0 0.134677 0.310811 0.0679282 0.0545477 0.742888
0 0.208715 0.294687 0.07388 0.0593465 0.739746
0 0.213289 0.503289 0.11079 0.0865326 0.723396
0 0.591817 0.361437 0.0807006 0.062951 0.710409
0 0.316451 0.299074 0.0806244 0.0587555 0.547159
