0 0.533806 0.403613 0.110605 0.143211 0.815628
0 0.0758635 0.526908 0.149985 0.179083 0.814991
0 0.427573 0.382422 0.131538 0.16642 0.801832
0 0.833822 0.396432 0.127631 0.139293 0.797745
0 0.191611 0.32084 0.0823264 0.0859649 0.775509
0 0.305668 0.383863 0.145418 0.156726 0.729704
0 0.792655 0.253612 0.0752464 0.069355 0.632407
0 0.514777 0.189474 0.0322071 0.0526681 0.561586
0 0.625374 0.179361 0.0523235 0.0378592 0.552106
1 0.25785 0.214651 0.0880508 0.0740167 0.511309
0 0.144966 0.868836 0.289931 0.251751 0.510364
