0 0.077092 0.610758 0.125266 0.107412 0.837025
0 0.813564 0.533396 0.120799 0.102999 0.824475
0 0.766181 0.407615 0.0872794 0.0747872 0.813083
0 0.0909699 0.413368 0.0876967 0.074959 0.80222
0 0.210685 0.498667 0.117723 0.0853702 0.786055
0 0.365689 0.368608 0.0865014 0.0631071 0.785488
0 0.451229 0.318832 0.092457 0.0796463 0.769688
0 0.209036 0.381582 0.091068 0.0857119 0.707211
0 0.308666 0.332987 0.0730863 0.0627739 0.692494
0 0.767497 0.480005 0.115886 0.076591 0.613925
0 0.254691 0.369604 0.106567 0.0901598 0.608718
0 0.148843 0.401102 0.08536 0.0711761 0.60211
0 0.0245992 0.357539 0.0490005 0.0640241 0.530517
