0 0.20021 0.476823 0.099539 0.0840498 0.810237
0 0.308674 0.326677 0.0958571 0.0760948 0.805639
0 0.0927358 0.412392 0.084575 0.0713126 0.805211
0 0.134343 0.642094 0.135216 0.0978019 0.804328
0 0.283516 0.463826 0.100008 0.0806015 0.793198
0 0.765466 0.332921 0.059963 0.063797 0.774301
0 0.843129 0.414871 0.0840855 0.063955 0.752966
0 0.845316 0.312466 0.0641092 0.0619933 0.746299
0 0.587063 0.398233 0.0888977 0.0630156 0.744625
0 0.197923 0.386678 0.0849762 0.0723182 0.73965
0 0.0566141 0.615787 0.113228 0.116213 0.721311
0 0.0343548 0.445365 0.0687093 0.105556 0.678648
0 0.305299 0.542755 0.109369 0.0921477 0.654253
0 0.0538033 0.359222 0.0811089 0.0731538 0.647706
0 0.468823 0.388518 0.0926947 0.0674891 0.618973
