0 0.728117 0.527493 0.120591 0.110736 0.852689
2 0.40856 0.532237 0.213451 0.191484 0.850627
0 0.139902 0.422166 0.0934178 0.0847887 0.813513
0 0.622421 0.397881 0.0981991 0.0812193 0.811577
0 0.846026 0.424688 0.0894627 0.0662059 0.766613
0 0.0781898 0.444402 0.0861164 0.0809525 0.752765
0 0.819164 0.340432 0.0578456 0.0621691 0.732956
0 0.236599 0.662668 0.13855 0.103674 0.720203
0 0.452087 0.417678 0.0964838 0.0727846 0.667572
0 0.12056 0.639286 0.116404 0.100681 0.657254
0 0.129024 0.364781 0.0854118 0.0703883 0.589779
