0 0.270782 0.449107 0.117086 0.102454 0.849305
0 0.166561 0.375644 0.0810311 0.0708011 0.828428
0 0.750321 0.512624 0.0747 0.0933483 0.799363
0 0.71962 0.303843 0.081238 0.0545563 0.79083
0 0.258833 0.2689 0.0677135 0.0554922 0.783874
0 0.673879 0.35856 0.0755596 0.0640176 0.783115
0 0.214701 0.658277 0.142148 0.113256 0.768813
0 0.832475 0.31607 0.0621281 0.0644322 0.734726
0 0.43222 0.295149 0.0735995 0.052329 0.680509
0 0.110058 0.651548 0.109491 0.0953146 0.578843
0 0.0857694 0.611447 0.131711 0.0981505 0.572605
