0 0.746381 0.61319 0.13105 0.101909 0.817817
0 0.683305 0.509408 0.122726 0.109374 0.813556
0 0.854579 0.350901 0.0713038 0.0708632 0.805557
0 0.243366 0.369802 0.0923027 0.0786628 0.753376
0 0.329186 0.330134 0.0953273 0.0777929 0.743818
0 0.800055 0.321206 0.0627733 0.0579073 0.725872
0 0.264837 0.26803 0.0670533 0.0608454 0.661691
0 0.45525 0.378029 0.085986 0.0761471 0.585582
0 0.0524823 0.620998 0.104868 0.102801 0.579216
0 0.879908 0.60589 0.134084 0.107891 0.574687
0 0.489653 0.580214 0.142614 0.127797 0.534511
