0 0.319784 0.502413 0.10661 0.0955928 0.838339
0 0.0875503 0.415699 0.0908769 0.076914 0.832155
0 0.847462 0.418338 0.089156 0.073635 0.818906
0 0.212481 0.357336 0.0906016 0.0929393 0.815954
0 0.635869 0.514886 0.111785 0.0978615 0.814566
0 0.686301 0.440998 0.102606 0.0709979 0.807556
0 0.74242 0.405747 0.0885801 0.0606867 0.743739
0 0.20964 0.665376 0.129362 0.108556 0.606348
0 0.785582 0.35331 0.064138 0.0566752 0.584614
0 0.848422 0.356097 0.0646774 0.0611693 0.573706
0 0.0556192 0.624797 0.111238 0.112944 0.545637
