0 0.527087 0.69775 0.236128 0.396952 0.885965
0 0.506613 0.421006 0.131784 0.167348 0.815352
0 0.252332 0.433366 0.158008 0.169355 0.807634
0 0.061062 0.498583 0.122124 0.162313 0.765849
0 0.732143 0.259542 0.0970892 0.0905833 0.742301
0 0.409668 0.392786 0.141011 0.172152 0.716087
0 0.547509 0.207192 0.0504549 0.0596132 0.707958
0 0.600954 0.202201 0.046708 0.0520643 0.638978
0 0.861347 0.255356 0.0713486 0.059325 0.624358
0 0.147725 0.862523 0.293655 0.26503 0.576585
0 0.961659 0.287561 0.0664658 0.0575862 0.545603
