0 0.378645 0.521082 0.113902 0.0913963 0.843342
0 0.718403 0.534895 0.124956 0.0983491 0.843277
0 0.262455 0.45303 0.0997016 0.089828 0.824122
0 0.541543 0.517428 0.113518 0.10684 0.818335
0 0.163208 0.469224 0.0960765 0.0828133 0.806107
0 0.231246 0.656475 0.125338 0.10572 0.755327
0 0.123662 0.36506 0.0796555 0.0669568 0.749673
0 0.803624 0.341262 0.0841426 0.0797131 0.73797
0 0.0383949 0.338894 0.0760098 0.0697103 0.733589
0 0.212512 0.386864 0.0766414 0.0692664 0.727137
0 0.883371 0.350982 0.0644594 0.0621386 0.547521
