0 0.0698634 0.610426 0.139727 0.133445 0.855588
0 0.736283 0.53498 0.111515 0.105945 0.839184
0 0.279547 0.383265 0.0869141 0.0690347 0.833585
0 0.0919527 0.415384 0.0861053 0.0722827 0.828511
0 0.370597 0.50098 0.11142 0.090836 0.822065
0 0.65368 0.420463 0.102076 0.0718965 0.821318
0 0.368149 0.365532 0.0857113 0.070243 0.818281
0 0.263952 0.319346 0.0833094 0.0686363 0.808969
0 0.857032 0.354108 0.0708344 0.0796091 0.778955
0 0.695839 0.373046 0.077313 0.0691749 0.649341
0 0.180661 0.270796 0.0646949 0.0576609 0.532231
