0 0.130279 0.486006 0.103377 0.0867707 0.853587
0 0.33039 0.54054 0.101808 0.101743 0.846366
0 0.198107 0.387715 0.0843112 0.0695185 0.825063
0 0.0478848 0.395528 0.0884 0.0855498 0.819974
0 0.716638 0.385717 0.0940425 0.0709139 0.815951
0 0.13443 0.642374 0.135466 0.0981023 0.809213
0 0.244393 0.333038 0.0759154 0.0635679 0.788738
0 0.765766 0.332349 0.0583248 0.0601763 0.773942
0 0.84532 0.312777 0.0639023 0.0612679 0.768392
0 0.0566401 0.615856 0.113072 0.114098 0.746035
0 0.797614 0.550099 0.121229 0.091257 0.625374
