0 0.24599 0.802882 0.303287 0.385844 0.881911
0 0.52768 0.42498 0.127058 0.173561 0.821263
0 0.247131 0.59287 0.215406 0.258943 0.780394
0 0.357202 0.367564 0.135999 0.147811 0.780367
0 0.589666 0.258531 0.0968016 0.0727944 0.75757
0 0.114796 0.434387 0.148594 0.1336 0.732559
0 0.884974 0.395362 0.121168 0.111472 0.728548
0 0.461338 0.364364 0.114649 0.123226 0.689768
0 0.0702267 0.676153 0.140412 0.242786 0.645321
0 0.907953 0.275526 0.0666908 0.055813 0.62194
0 0.72997 0.245748 0.0841435 0.0678633 0.515697
