0 0.185357 0.377801 0.11347 0.0902319 0.84146
0 0.542486 0.484798 0.130655 0.107475 0.840649
0 0.139429 0.633304 0.123337 0.0989972 0.839665
0 0.0484511 0.364939 0.0859055 0.083373 0.831654
0 0.395998 0.367843 0.0974817 0.078904 0.830196
0 0.314772 0.510359 0.0928205 0.0758358 0.821575
0 0.126473 0.457092 0.0944314 0.0745495 0.799812
0 0.775055 0.330072 0.0760279 0.0711193 0.790554
0 0.85158 0.359258 0.0684761 0.0621652 0.77475
0 0.269426 0.464538 0.0979275 0.0687776 0.764242
0 0.827683 0.581836 0.134253 0.112601 0.760114
0 0.281518 0.423412 0.0978931 0.0794817 0.576419
