0 0.850751 0.465709 0.106259 0.0798782 0.823827
0 0.694475 0.391919 0.107999 0.083194 0.821942
0 0.390202 0.367317 0.0913792 0.0761471 0.809509
0 0.278498 0.330959 0.0787209 0.0609901 0.796407
0 0.156327 0.539828 0.113591 0.0856148 0.781032
0 0.856597 0.35034 0.064944 0.074863 0.780258
0 0.0504025 0.428674 0.0995887 0.0879549 0.773992
0 0.191667 0.292845 0.0725912 0.0583277 0.750681
0 0.0788669 0.313642 0.0926641 0.0812661 0.695439
0 0.0925561 0.59273 0.13175 0.0946918 0.666121
0 0.812759 0.341895 0.0571098 0.0649462 0.65006
0 0.123476 0.384558 0.0857489 0.079248 0.641472
0 0.417608 0.32083 0.0794704 0.0660816 0.549999
