0 0.311126 0.474423 0.110723 0.0794654 0.837317
0 0.729035 0.604997 0.106328 0.116192 0.83651
0 0.570901 0.46759 0.103278 0.0767678 0.813556
0 0.224558 0.36167 0.0871479 0.086545 0.812545
0 0.387039 0.374188 0.0851535 0.0616082 0.802416
0 0.312867 0.316627 0.0745019 0.064505 0.798763
0 0.126331 0.507422 0.13023 0.0994842 0.784064
0 0.762389 0.534996 0.104042 0.0996711 0.778874
0 0.118887 0.418167 0.0872196 0.0780996 0.665984
0 0.544976 0.399519 0.0914789 0.0726347 0.644798
0 0.26846 0.2898 0.0774797 0.0568046 0.55654
0 0.680181 0.372888 0.0797593 0.0756944 0.550498
0 0.608992 0.376435 0.0859026 0.0777137 0.520547
