0 0.413779 0.55844 0.14168 0.115696 0.84755
0 0.70713 0.409635 0.114274 0.0896595 0.838432
0 0.180659 0.5042 0.104567 0.0834747 0.798696
0 0.349734 0.441274 0.0995358 0.0756818 0.789486
0 0.261074 0.332776 0.0823719 0.0760447 0.787044
0 0.257909 0.491726 0.0909774 0.0761446 0.773529
0 0.144317 0.639069 0.133977 0.0961094 0.762531
0 0.620511 0.381783 0.072987 0.0627145 0.748965
0 0.173826 0.40325 0.0849709 0.0697367 0.747652
0 0.516948 0.507231 0.119709 0.108839 0.622897
0 0.25828 0.448924 0.0931055 0.0739091 0.51899
0 0.616996 0.575334 0.129005 0.0991869 0.502234
