0 0.367474 0.503479 0.122346 0.0973801 0.845348
0 0.0882389 0.61036 0.12358 0.0949326 0.838252
0 0.243943 0.484856 0.110821 0.0901279 0.826141
0 0.645757 0.379961 0.107773 0.0964671 0.82252
0 0.142275 0.396774 0.0880464 0.0737342 0.795895
0 0.755529 0.430986 0.0999818 0.0789368 0.786646
0 0.822313 0.405919 0.093082 0.0745615 0.767442
0 0.767791 0.568445 0.0819305 0.114826 0.765717
0 0.303027 0.33817 0.0751951 0.0579325 0.730436
0 0.249647 0.36429 0.0929248 0.0940451 0.719917
0 0.0629241 0.398012 0.0811669 0.0824904 0.682789
0 0.459998 0.334943 0.077057 0.0610248 0.634313
0 0.208085 0.389721 0.0840681 0.0686956 0.609576
