0 0.0699116 0.608919 0.139823 0.135151 0.846448
0 0.0920481 0.41546 0.0863313 0.0729083 0.830254
0 0.347393 0.309882 0.0736084 0.0608426 0.821601
0 0.573082 0.493382 0.114171 0.0879607 0.818908
0 0.279478 0.382772 0.0873241 0.0691869 0.815919
0 0.817687 0.511882 0.108123 0.0919362 0.813357
0 0.666668 0.429643 0.0832558 0.0723706 0.809438
0 0.179949 0.526213 0.144317 0.117416 0.806577
0 0.701267 0.376145 0.0888186 0.0748332 0.799529
0 0.369972 0.454462 0.139408 0.100471 0.798936
0 0.857541 0.353874 0.0690311 0.0779402 0.785441
0 0.259923 0.340342 0.0750684 0.05214 0.539494
