0 0.556235 0.515192 0.130792 0.108146 0.853667
0 0.141569 0.455716 0.0991182 0.0789235 0.844058
0 0.385037 0.556773 0.127758 0.107197 0.832489
0 0.742294 0.536035 0.131484 0.105605 0.824666
0 0.0602033 0.398071 0.0841744 0.0705729 0.824229
0 0.657865 0.417109 0.109402 0.0928802 0.823851
0 0.270815 0.459587 0.0919667 0.0777427 0.822714
0 0.783066 0.428807 0.105001 0.0792148 0.800745
0 0.857817 0.346831 0.0696693 0.0783188 0.800509
0 0.0330061 0.460128 0.0660122 0.078544 0.700584
0 0.296189 0.42138 0.0957532 0.0838681 0.521962
