0 0.787323 0.544606 0.123494 0.105627 0.854803
0 0.316624 0.476793 0.105517 0.0832894 0.838059
0 0.252801 0.394916 0.0876351 0.0772051 0.830718
0 0.674523 0.439855 0.105078 0.0684197 0.829547
0 0.790582 0.397927 0.0849087 0.0637393 0.80585
0 0.0869136 0.416991 0.0848512 0.0747531 0.801563
0 0.602713 0.410755 0.095685 0.0657192 0.773695
0 0.236461 0.662011 0.137008 0.103249 0.770409
0 0.320923 0.380981 0.0932877 0.0835239 0.770276
0 0.871613 0.347441 0.0654087 0.0727389 0.753943
0 0.819452 0.339732 0.0571419 0.0619746 0.711866
0 0.120289 0.639013 0.116301 0.0994654 0.707074
0 0.452821 0.548048 0.146852 0.114948 0.680946
0 0.121562 0.353329 0.0779203 0.0716454 0.507436
