0 0.244143 0.369997 0.0883573 0.0690803 0.78143
0 0.755608 0.389226 0.096302 0.0698562 0.772761
0 0.364605 0.337124 0.0872933 0.0668332 0.759304
0 0.567802 0.399244 0.103056 0.0801756 0.742768
0 0.203764 0.288528 0.0704558 0.0531486 0.686822
0 0.856322 0.349655 0.0709391 0.0733307 0.684853
0 0.124867 0.378162 0.0805075 0.072279 0.649953
0 0.325034 0.300634 0.0707645 0.0500821 0.628554
0 0.0377085 0.275638 0.070876 0.0612295 0.619231
0 0.129353 0.287799 0.0686969 0.0512454 0.615153
0 0.0305203 0.413623 0.0609813 0.0772034 0.586082
0 0.0783018 0.405179 0.0831278 0.0734038 0.579452
