0 0.770698 0.442082 0.117005 0.0865027 0.819731
0 0.611374 0.459432 0.108448 0.0896407 0.798141
0 0.327403 0.362759 0.0858327 0.0631097 0.788704
0 0.533108 0.498248 0.111927 0.0907952 0.788187
0 0.170266 0.485735 0.142242 0.105028 0.711651
0 0.336787 0.310017 0.0763324 0.0545358 0.700321
0 0.144684 0.39234 0.0958214 0.0851644 0.641729
0 0.239019 0.319671 0.0745694 0.0547455 0.596594
0 0.876764 0.522465 0.100665 0.0949187 0.579545
0 0.0991453 0.413893 0.0883651 0.0711608 0.535599
0 0.867547 0.409251 0.103951 0.0832759 0.519412
0 0.223521 0.529988 0.142866 0.105665 0.502436
