0 0.101007 0.600094 0.128285 0.108376 0.845096
0 0.715891 0.503805 0.13532 0.104748 0.818942
0 0.368626 0.369015 0.0895868 0.0722358 0.81153
0 0.263016 0.321274 0.0784476 0.0675696 0.776358
0 0.549447 0.472113 0.101271 0.0748222 0.768537
0 0.13294 0.39299 0.078244 0.0778742 0.724787
0 0.86351 0.41204 0.0982514 0.0780312 0.7245
0 0.0396382 0.432028 0.0788315 0.0794152 0.713312
0 0.234698 0.503795 0.123736 0.0863015 0.712581
0 0.499015 0.358119 0.0908666 0.0697879 0.579898
0 0.219411 0.281029 0.0684298 0.0554353 0.520526
