0 0.828615 0.439144 0.103548 0.0735045 0.820627
0 0.0438832 0.461559 0.0877664 0.0756774 0.814341
0 0.424024 0.568731 0.121756 0.0996246 0.806238
0 0.243895 0.482326 0.0980501 0.0798816 0.798651
0 0.885476 0.559821 0.130134 0.120218 0.798601
0 0.254851 0.36264 0.081687 0.0787443 0.797017
0 0.0448367 0.631551 0.0895601 0.0950343 0.760582
0 0.334215 0.352664 0.07641 0.0661398 0.759163
2 0.750356 0.357187 0.25548 0.166876 0.684932
0 0.0333973 0.384408 0.0667945 0.0735103 0.669417
0 0.302769 0.461523 0.0963194 0.0761852 0.658664
0 0.52975 0.547702 0.122313 0.104132 0.650014
