0 0.359649 0.646781 0.250065 0.359809 0.872692
0 0.675664 0.533598 0.153181 0.213629 0.827888
0 0.42822 0.378887 0.13147 0.160511 0.805302
0 0.534761 0.401038 0.109278 0.138516 0.784694
0 0.804442 0.395355 0.112291 0.118909 0.705435
0 0.0753401 0.507303 0.148777 0.141998 0.689105
0 0.828704 0.295036 0.0854361 0.0905784 0.680682
0 0.307368 0.382172 0.144584 0.150149 0.669055
0 0.510771 0.212934 0.0676941 0.0479272 0.615307
0 0.417682 0.206276 0.0540775 0.0368499 0.550133
0 0.953143 0.286319 0.0721634 0.0589475 0.546618
0 0.0577209 0.688786 0.115442 0.255859 0.528015
