0 0.0676556 0.606784 0.131112 0.110635 0.806814
0 0.415887 0.361533 0.0863564 0.0641167 0.777214
0 0.299724 0.313404 0.0851403 0.0697904 0.773115
0 0.582951 0.415109 0.0908863 0.066892 0.765728
0 0.142766 0.395431 0.0824554 0.0736196 0.75015
0 0.86192 0.349733 0.0660389 0.0715587 0.730675
0 0.0741731 0.402183 0.0866669 0.0855092 0.728261
0 0.12745 0.300203 0.0980748 0.0765294 0.706713
0 0.0267329 0.424406 0.0533894 0.074932 0.635776
0 0.629328 0.386216 0.0877617 0.0669337 0.60635
0 0.555414 0.339456 0.11076 0.0850723 0.576273
