0 0.0703159 0.609449 0.140632 0.13503 0.822792
0 0.545245 0.52516 0.113953 0.0925084 0.81468
0 0.0717867 0.469563 0.106269 0.0997201 0.814339
0 0.280064 0.383429 0.089056 0.0705699 0.794389
0 0.128468 0.391999 0.081043 0.0715979 0.785915
0 0.237317 0.65314 0.131053 0.10813 0.77791
0 0.409819 0.341242 0.0782384 0.0609613 0.774825
0 0.857268 0.353473 0.0697605 0.0753536 0.773921
0 0.182178 0.37507 0.082011 0.0807741 0.750054
0 0.804452 0.553353 0.127601 0.0967417 0.739428
0 0.762574 0.336401 0.0658633 0.0609006 0.738938
0 0.869509 0.464756 0.113378 0.0843506 0.702205
0 0.181273 0.304718 0.071607 0.059604 0.622866
