0 0.740235 0.399424 0.103878 0.0748056 0.816468
0 0.0386405 0.423522 0.0766616 0.0761203 0.793965
0 0.107346 0.410378 0.0833758 0.0684502 0.788742
0 0.227999 0.357387 0.091443 0.0823055 0.778286
0 0.866509 0.34841 0.0668106 0.0621328 0.772421
0 0.403871 0.319257 0.0757626 0.0564624 0.771222
0 0.228382 0.526555 0.127807 0.0886007 0.673798
0 0.148996 0.382176 0.0855315 0.0843265 0.666992
0 0.556321 0.397398 0.102519 0.0811113 0.629993
0 0.700597 0.371464 0.091893 0.0644891 0.542925
0 0.468107 0.360399 0.0798193 0.0666774 0.502004
