0 0.3668 0.518572 0.1131 0.0907671 0.843216
0 0.102627 0.485747 0.100917 0.0853505 0.788011
0 0.303698 0.348287 0.0820506 0.0675316 0.768597
0 0.184011 0.38036 0.0843204 0.0737411 0.75459
0 0.728646 0.65787 0.136399 0.112817 0.752255
0 0.784874 0.35487 0.0637031 0.0572074 0.740726
0 0.245561 0.368501 0.0805502 0.0778863 0.720346
0 0.849235 0.357509 0.063509 0.063216 0.716855
0 0.133715 0.425874 0.0928301 0.0730643 0.716676
2 0.727776 0.507689 0.486765 0.182106 0.670205
0 0.0566879 0.623264 0.11327 0.112922 0.629152
0 0.208897 0.664487 0.128121 0.102609 0.615811
