0 0.114265 0.417681 0.0805968 0.0747832 0.801072
0 0.402064 0.357991 0.0791954 0.0588934 0.784865
0 0.639857 0.422787 0.102339 0.0799535 0.781562
0 0.20063 0.410033 0.0884557 0.0764406 0.773808
0 0.0371781 0.427942 0.0742404 0.080103 0.772926
0 0.265596 0.337165 0.0853903 0.072212 0.763548
0 0.845761 0.44714 0.105072 0.0751216 0.762361
0 0.338772 0.307957 0.0740625 0.0615083 0.734155
0 0.871789 0.348064 0.0707298 0.0711456 0.72409
0 0.0902171 0.629579 0.173505 0.151253 0.641382
0 0.132617 0.291121 0.0692553 0.0584432 0.563767
