0 0.604143 0.496858 0.125936 0.109661 0.840113
0 0.703637 0.597506 0.128882 0.117696 0.823968
0 0.294129 0.499705 0.10118 0.0841744 0.80688
0 0.769563 0.408776 0.105071 0.0830234 0.789286
0 0.172402 0.401281 0.0903956 0.0822515 0.7694
0 0.0795438 0.340612 0.0848115 0.0858062 0.755138
0 0.203479 0.648021 0.17045 0.152156 0.737343
0 0.758976 0.325929 0.0814518 0.0846989 0.66476
0 0.0320114 0.428521 0.0639807 0.0762217 0.656451
0 0.473243 0.499942 0.113502 0.108334 0.577025
0 0.0791797 0.599635 0.119223 0.102332 0.503988
