0 0.213648 0.445691 0.100456 0.0796039 0.81302
0 0.0615202 0.46021 0.101902 0.101167 0.795262
0 0.0582032 0.366098 0.0872092 0.0805664 0.781529
0 0.404542 0.45603 0.0994414 0.0811574 0.76963
0 0.239854 0.368522 0.0797841 0.0683806 0.761356
0 0.879422 0.341333 0.0807252 0.0822271 0.736128
0 0.26137 0.310573 0.0732066 0.0561814 0.707217
0 0.555654 0.518275 0.110561 0.0693688 0.689181
0 0.0588882 0.614245 0.117587 0.10229 0.619903
0 0.466674 0.540939 0.124568 0.10722 0.59925
0 0.762848 0.546439 0.117271 0.0965846 0.584813
0 0.508937 0.353835 0.0884797 0.0735123 0.57875
0 0.248329 0.264826 0.0657623 0.0498418 0.505861
