0 0.618946 0.399452 0.107439 0.0869798 0.826804
0 0.731271 0.428111 0.106433 0.0807882 0.825029
0 0.0933907 0.480836 0.0944676 0.090614 0.786312
0 0.537698 0.493109 0.107476 0.0829088 0.760602
0 0.230595 0.396021 0.0905737 0.0731014 0.758431
0 0.785313 0.354503 0.0631706 0.0561149 0.72907
0 0.156566 0.455877 0.0956078 0.0881917 0.693173
0 0.849166 0.356943 0.0636395 0.0622303 0.687537
0 0.609097 0.544571 0.114921 0.0930073 0.675241
0 0.208575 0.66451 0.128806 0.103247 0.632592
0 0.0568902 0.623331 0.113736 0.113042 0.602473
0 0.0645438 0.320965 0.0754781 0.0701939 0.569886
