0 0.279971 0.381489 0.0887017 0.0731878 0.825745
0 0.0918865 0.415191 0.0860217 0.0716295 0.815731
0 0.190414 0.482237 0.143058 0.116149 0.811943
0 0.669079 0.49443 0.109853 0.0914649 0.794736
0 0.0706335 0.610075 0.140902 0.125058 0.794123
0 0.355788 0.3246 0.0807604 0.0680512 0.791574
0 0.853367 0.466557 0.109455 0.0797618 0.783925
0 0.792321 0.295118 0.077713 0.0675223 0.742364
0 0.252051 0.312044 0.0895533 0.0727072 0.742069
0 0.857943 0.350328 0.0685049 0.0671504 0.661654
0 0.69921 0.408151 0.102998 0.0737238 0.595746
0 0.515153 0.339281 0.0820639 0.0665393 0.553873
