0 0.733707 0.558944 0.135765 0.120796 0.83042
0 0.164321 0.63619 0.124172 0.0960299 0.820214
0 0.619075 0.416592 0.0960014 0.0768241 0.817529
0 0.0855754 0.477154 0.0941333 0.0814075 0.805426
0 0.163298 0.459567 0.108619 0.0935114 0.79673
0 0.300589 0.330569 0.0791988 0.0675227 0.775938
0 0.424179 0.322629 0.0804962 0.0705138 0.771957
0 0.0587571 0.40353 0.0886973 0.0706657 0.771326
0 0.09943 0.600077 0.125118 0.105063 0.690562
0 0.800954 0.317913 0.063408 0.0737588 0.618375
0 0.252696 0.305299 0.072782 0.0540909 0.500309
