0 0.338803 0.676585 0.266291 0.391589 0.846871
0 0.703414 0.494536 0.143589 0.196015 0.787151
0 0.53482 0.401405 0.110519 0.14261 0.762049
0 0.85285 0.388568 0.101051 0.116228 0.754385
0 0.306174 0.383932 0.143675 0.149836 0.753895
0 0.42742 0.381163 0.132993 0.164835 0.735239
0 0.0581111 0.691205 0.115548 0.269176 0.657298
0 0.0746945 0.51103 0.149389 0.142283 0.630233
0 0.0664034 0.403934 0.0971299 0.110226 0.614051
0 0.908859 0.306067 0.0950455 0.0848479 0.519153
0 0.553185 0.194921 0.0410417 0.0542056 0.502263
