0 0.294351 0.497981 0.109666 0.0892843 0.814256
0 0.352367 0.454964 0.0946361 0.0746752 0.812909
0 0.104664 0.483805 0.0946827 0.0876628 0.782204
0 0.0851615 0.348599 0.0777985 0.077173 0.775107
0 0.183753 0.380596 0.0846878 0.0747116 0.774404
0 0.784793 0.354737 0.0637658 0.0574561 0.734274
0 0.849861 0.357939 0.0640255 0.0625075 0.72571
0 0.246294 0.36826 0.0810444 0.0793237 0.707789
0 0.520495 0.55575 0.119745 0.0901195 0.656968
0 0.827122 0.593247 0.129119 0.100393 0.641989
0 0.208579 0.664452 0.128053 0.102936 0.60194
0 0.0567518 0.623179 0.113412 0.112433 0.583878
