0 0.634049 0.545593 0.150576 0.118878 0.831141
0 0.131256 0.460142 0.0923531 0.0756465 0.828214
0 0.806424 0.554594 0.128151 0.095501 0.821933
0 0.0582832 0.402629 0.0800527 0.0744797 0.799507
0 0.104768 0.638546 0.167019 0.120725 0.778283
0 0.224952 0.362924 0.0993223 0.0824695 0.775125
0 0.14871 0.40082 0.0784538 0.0641954 0.738007
0 0.256963 0.457977 0.0940002 0.0740614 0.731802
0 0.372593 0.521878 0.107725 0.0837847 0.716062
0 0.299543 0.536423 0.10799 0.0993773 0.660284
0 0.415663 0.458728 0.118346 0.0897804 0.635931
