0 0.145335 0.340059 0.0873151 0.0854394 0.816846
0 0.249475 0.374379 0.0820269 0.0694919 0.813571
0 0.0655438 0.617423 0.130792 0.0997684 0.808797
0 0.798181 0.449084 0.102275 0.0837721 0.807329
0 0.69052 0.416574 0.0979502 0.0700056 0.786309
0 0.85656 0.343833 0.078233 0.0875979 0.783694
0 0.371853 0.349987 0.0788104 0.0610038 0.774658
0 0.0903079 0.474521 0.104517 0.0979167 0.763644
0 0.211705 0.294285 0.0664938 0.0549741 0.638765
0 0.485778 0.588103 0.118392 0.096457 0.547092
0 0.344834 0.302986 0.0719356 0.0647986 0.501541
