0 0.591959 0.493178 0.113798 0.101747 0.823214
0 0.057727 0.623189 0.115142 0.112755 0.821228
0 0.240573 0.452989 0.101101 0.0787382 0.807265
0 0.146901 0.498396 0.100263 0.0813177 0.786704
0 0.641067 0.389952 0.0888224 0.0655813 0.775753
0 0.382523 0.331141 0.0809213 0.0680152 0.773683
0 0.115543 0.390953 0.0849035 0.0725534 0.753998
0 0.784679 0.354638 0.0634872 0.0576753 0.742284
0 0.849599 0.358017 0.0644661 0.0624942 0.722079
0 0.183917 0.37943 0.0843807 0.0716094 0.67073
0 0.208585 0.66344 0.129451 0.101656 0.612212
0 0.245313 0.366599 0.0802868 0.0749479 0.588516
0 0.70477 0.646038 0.140304 0.111764 0.541882
