0 0.151617 0.537867 0.128518 0.102851 0.837975
0 0.802671 0.458486 0.105357 0.0735558 0.805374
0 0.250005 0.478875 0.115638 0.091784 0.799767
0 0.599674 0.395015 0.0886704 0.0708119 0.788068
0 0.710003 0.385307 0.0900959 0.0665478 0.781005
0 0.268437 0.334828 0.0912937 0.0691862 0.778062
0 0.490573 0.334155 0.0958157 0.0757609 0.766218
0 0.851282 0.352077 0.0727907 0.0736194 0.75815
0 0.522878 0.494536 0.0996454 0.0871431 0.728379
0 0.100053 0.415253 0.0874323 0.0739527 0.669088
0 0.144956 0.392382 0.0966179 0.0886063 0.57058
0 0.158216 0.2849 0.0704924 0.0538752 0.556726
0 0.874967 0.425155 0.104142 0.0813106 0.543827
0 0.230162 0.28237 0.066733 0.0563542 0.510046
