0 0.734344 0.427287 0.09842 0.0666392 0.806089
0 0.638754 0.410916 0.0795118 0.0653515 0.805684
0 0.281635 0.404107 0.0821681 0.0743406 0.798933
0 0.176376 0.439188 0.0942199 0.0798167 0.796775
0 0.799891 0.38559 0.0971003 0.0795658 0.731909
0 0.0562713 0.344321 0.0798071 0.0703404 0.729359
0 0.22135 0.663445 0.144275 0.11566 0.70699
0 0.491423 0.424327 0.101162 0.0748135 0.624828
0 0.326258 0.388801 0.0840725 0.0700043 0.613615
0 0.115657 0.331838 0.0744444 0.0727523 0.604468
0 0.0769028 0.652752 0.133827 0.105341 0.589964
