0 0.129961 0.394955 0.0863799 0.0741074 0.817907
0 0.721039 0.41892 0.106757 0.0785993 0.8146
0 0.0864622 0.618243 0.111385 0.0848885 0.78289
0 0.342843 0.363066 0.0833413 0.0642544 0.767505
0 0.0490209 0.436372 0.0762235 0.0670702 0.734217
0 0.8139 0.416422 0.0963568 0.0780358 0.723907
0 0.0323929 0.357572 0.0647858 0.0777573 0.715315
0 0.594968 0.359903 0.0872677 0.0695731 0.704245
0 0.817307 0.331549 0.0777337 0.0891028 0.682083
0 0.754538 0.33242 0.0745962 0.0723025 0.635266
0 0.326964 0.319768 0.0976403 0.0836953 0.607203
