0 0.744311 0.522169 0.117769 0.0907543 0.809614
0 0.0873652 0.515815 0.146203 0.11082 0.798049
0 0.344584 0.35812 0.0844839 0.0704169 0.791256
0 0.744656 0.409337 0.0990624 0.0717083 0.775046
0 0.852345 0.349712 0.0707672 0.0741628 0.751048
0 0.25084 0.523185 0.121517 0.0861867 0.676666
0 0.217255 0.284114 0.0675318 0.0538259 0.659381
0 0.415328 0.358874 0.0702765 0.0617227 0.638834
0 0.15682 0.298292 0.0698371 0.0524239 0.615939
0 0.469463 0.321294 0.0955175 0.0899515 0.611788
0 0.141498 0.389872 0.0884105 0.0861248 0.576741
0 0.0658845 0.393896 0.118559 0.104594 0.560105
0 0.0403399 0.278866 0.0806118 0.0689825 0.527379
0 0.314882 0.317741 0.0735407 0.0530015 0.52729
