0 0.588464 0.501423 0.108512 0.0900543 0.823414
0 0.0963751 0.416339 0.0926154 0.0774222 0.816287
0 0.0674756 0.606886 0.130219 0.110618 0.806636
0 0.209134 0.416509 0.0892268 0.0741499 0.803764
0 0.421501 0.533141 0.111969 0.0875243 0.802108
0 0.861978 0.349843 0.0664089 0.0719595 0.727329
0 0.778576 0.577151 0.115806 0.100318 0.707244
0 0.230065 0.368496 0.0840085 0.0719107 0.695571
0 0.439235 0.330701 0.0765787 0.0642169 0.68531
0 0.281124 0.529482 0.116598 0.105685 0.67404
0 0.0246769 0.453102 0.0493259 0.0795502 0.547435
