0 0.277806 0.488764 0.106018 0.0995169 0.826102
0 0.209922 0.407267 0.101526 0.0941572 0.815411
0 0.382096 0.560443 0.112308 0.0932645 0.815168
0 0.0442962 0.370159 0.0873239 0.0746012 0.800649
0 0.393906 0.373607 0.0800793 0.0660977 0.784442
0 0.112495 0.648657 0.128091 0.0985534 0.764461
0 0.863375 0.348961 0.0726017 0.0788861 0.75709
0 0.160656 0.319211 0.0714609 0.0571208 0.756143
0 0.602702 0.380109 0.0829138 0.0643035 0.752329
0 0.694547 0.602224 0.136912 0.104789 0.711673
0 0.88602 0.476664 0.100665 0.072663 0.6143
