0 0.0938349 0.604251 0.133639 0.111273 0.832828
0 0.337028 0.453659 0.136677 0.116897 0.796
0 0.664849 0.413157 0.097389 0.0683904 0.794136
0 0.40195 0.35164 0.0933472 0.0695314 0.779385
0 0.0501439 0.428239 0.100288 0.0887045 0.763854
0 0.855723 0.349123 0.0675224 0.0769279 0.75337
0 0.250456 0.321337 0.07615 0.0617855 0.746736
0 0.109906 0.377826 0.0810924 0.0794673 0.644037
0 0.855847 0.429052 0.0958281 0.0643968 0.629314
0 0.884413 0.515869 0.124331 0.111831 0.604886
0 0.511123 0.509152 0.107145 0.0825434 0.582065
0 0.519597 0.392066 0.102284 0.0843225 0.581686
