0 0.100776 0.600519 0.127439 0.106618 0.8441
0 0.619451 0.398887 0.0912008 0.0767012 0.81382
0 0.221788 0.473343 0.104782 0.0998471 0.810148
0 0.146613 0.391207 0.0835156 0.0772717 0.808294
0 0.113016 0.487914 0.101244 0.0855147 0.806944
0 0.72978 0.606035 0.129775 0.117706 0.787469
0 0.744836 0.446092 0.0994935 0.0716282 0.781847
0 0.318367 0.308402 0.0792926 0.0709156 0.77965
0 0.412137 0.353581 0.0689155 0.0622437 0.765613
0 0.822694 0.312922 0.0659138 0.0744351 0.754784
0 0.200259 0.3281 0.0762856 0.0594612 0.753257
0 0.714949 0.400009 0.0931914 0.0647815 0.724169
0 0.759852 0.54218 0.122826 0.0928574 0.698099
0 0.0825934 0.278457 0.0737737 0.0623288 0.592868
