0 0.659612 0.508882 0.124524 0.106227 0.814053
0 0.246798 0.364324 0.0820898 0.0777725 0.785644
0 0.0881248 0.47428 0.0833085 0.0811532 0.770584
0 0.382871 0.557118 0.123771 0.0967523 0.770306
0 0.0737835 0.396155 0.0953355 0.083832 0.756855
0 0.410602 0.367585 0.0984567 0.074241 0.703716
0 0.728812 0.645533 0.135073 0.124924 0.702539
0 0.133173 0.640469 0.127144 0.0857391 0.699148
0 0.875469 0.45773 0.123831 0.0926571 0.680123
0 0.603224 0.385488 0.11511 0.0829403 0.661963
0 0.271698 0.287792 0.0764059 0.0594074 0.508845
