0 0.365346 0.486085 0.0766181 0.0806336 0.805293
0 0.0487493 0.434946 0.0832697 0.0789691 0.759647
1 0.732541 0.421326 0.112495 0.136134 0.759162
0 0.181901 0.649087 0.171616 0.147331 0.740738
0 0.1086 0.416091 0.0884601 0.0748247 0.725861
0 0.818457 0.331815 0.0778713 0.0875188 0.714368
0 0.377945 0.383126 0.0541286 0.0660201 0.705625
0 0.172255 0.315839 0.0653876 0.0514511 0.681002
0 0.0482178 0.367366 0.0677824 0.0666506 0.608533
0 0.754606 0.331151 0.0757257 0.0692627 0.571663
0 0.141097 0.387922 0.0994789 0.0853877 0.563193
