0 0.236632 0.35796 0.0868052 0.0846181 0.800019
0 0.736341 0.423218 0.0981195 0.0664066 0.798176
0 0.155179 0.390611 0.0755826 0.0724618 0.792345
0 0.0870022 0.407187 0.0789522 0.0716437 0.789597
0 0.668403 0.39069 0.0887124 0.0655087 0.765872
0 0.302399 0.348554 0.0826827 0.061206 0.742435
0 0.130708 0.300431 0.0771392 0.0641961 0.74097
0 0.790404 0.394379 0.0948645 0.0694607 0.720238
0 0.282017 0.305466 0.0772773 0.0517931 0.550817
0 0.62455 0.301801 0.0770482 0.0572518 0.549476
0 0.0170722 0.412627 0.0340587 0.0706964 0.50539
