0 0.81689 0.413319 0.124505 0.0904121 0.803954
0 0.0782933 0.443219 0.0906326 0.081347 0.77633
0 0.184051 0.37438 0.0827266 0.0820905 0.775395
0 0.306698 0.318401 0.0783045 0.0594757 0.76956
0 0.246311 0.453136 0.0959909 0.0785224 0.714503
0 0.871284 0.346014 0.0677792 0.0741974 0.706664
0 0.235734 0.662723 0.13635 0.100771 0.704372
0 0.120859 0.640135 0.116228 0.0976708 0.70177
0 0.057945 0.34467 0.0783509 0.0668329 0.682535
0 0.7576 0.659811 0.129737 0.107771 0.619318
0 0.278412 0.530965 0.105955 0.0958547 0.564153
0 0.83485 0.543331 0.13698 0.106218 0.546581
0 0.879156 0.609033 0.140473 0.105151 0.509607
