0 0.72808 0.541919 0.119505 0.0906433 0.832427
0 0.40765 0.570978 0.11047 0.095886 0.812243
0 0.670605 0.409036 0.0918598 0.0755037 0.80972
0 0.31191 0.495138 0.114394 0.105159 0.804443
0 0.853134 0.350954 0.0726695 0.0779747 0.759174
0 0.762039 0.337056 0.0654926 0.0613348 0.758458
0 0.0766993 0.607594 0.125239 0.102543 0.751464
0 0.44207 0.340928 0.085351 0.07543 0.749212
0 0.238394 0.663713 0.125456 0.102564 0.729749
0 0.0549723 0.376175 0.0746516 0.0640616 0.714066
0 0.197212 0.506454 0.111256 0.0943986 0.686797
0 0.105226 0.35727 0.0672344 0.0693606 0.636056
0 0.207988 0.381948 0.0934978 0.0901386 0.607284
0 0.322862 0.435415 0.0963473 0.0847893 0.571521
0 0.210219 0.444868 0.0928352 0.0767079 0.565128
0 0.25401 0.368785 0.109164 0.0913479 0.512601
