0 0.258766 0.491105 0.106581 0.0855287 0.817233
0 0.681426 0.52124 0.120095 0.0902115 0.802977
0 0.359996 0.348825 0.0842547 0.0626737 0.785331
0 0.751661 0.579559 0.116663 0.094084 0.781821
0 0.0946622 0.477404 0.10856 0.0995039 0.739877
0 0.405645 0.490252 0.101974 0.0806627 0.727095
0 0.856819 0.350274 0.0656433 0.073713 0.715914
0 0.755548 0.333294 0.0733248 0.0697326 0.711387
0 0.875197 0.447209 0.115458 0.0906496 0.709822
0 0.0893288 0.409713 0.0864118 0.0710432 0.702653
0 0.344901 0.284335 0.0745157 0.0516697 0.683662
0 0.473912 0.354299 0.0826901 0.061653 0.588877
0 0.0922477 0.591536 0.134117 0.0970863 0.576138
0 0.251348 0.416428 0.081793 0.0830497 0.548891
0 0.806971 0.344156 0.0570969 0.065903 0.536863
