0 0.622504 0.497956 0.114854 0.10483 0.847303
0 0.134171 0.489586 0.102347 0.0829934 0.840144
0 0.733803 0.415045 0.0946957 0.0761449 0.817632
0 0.0485671 0.424708 0.0809096 0.0738353 0.812286
0 0.377362 0.367371 0.084997 0.0614356 0.803685
0 0.866368 0.348695 0.0669849 0.0630719 0.778006
0 0.231134 0.356609 0.0907536 0.0789976 0.764023
0 0.248797 0.479007 0.091648 0.0800898 0.745134
0 0.267283 0.422496 0.0911648 0.0661918 0.740961
0 0.102065 0.402165 0.0901766 0.0824315 0.630206
0 0.150681 0.290634 0.0681006 0.0576418 0.556837
0 0.422914 0.347705 0.0913611 0.0764292 0.540877
