0 0.33027 0.74929 0.265098 0.389115 0.864858
0 0.181418 0.694859 0.248986 0.316867 0.835501
0 0.28828 0.449318 0.152922 0.145443 0.805554
0 0.517774 0.474747 0.136366 0.182779 0.788075
0 0.125653 0.521592 0.153219 0.164639 0.77494
0 0.788104 0.444093 0.123005 0.161017 0.735093
0 0.506847 0.244036 0.0756613 0.0636543 0.700192
0 0.439261 0.408478 0.125463 0.146645 0.678925
0 0.933265 0.317176 0.0825699 0.0693736 0.588165
0 0.567387 0.238848 0.0670857 0.0536912 0.510315
0 0.318821 0.264862 0.0558121 0.0447808 0.504886
