0 0.547385 0.467738 0.113962 0.076089 0.825506
0 0.723488 0.38148 0.0964837 0.0776263 0.794195
0 0.319668 0.321468 0.0760395 0.0579242 0.790145
0 0.766071 0.515301 0.113811 0.0835594 0.771302
0 0.846776 0.490088 0.108304 0.0886241 0.745933
0 0.213445 0.388597 0.07758 0.0701357 0.725724
0 0.139416 0.388403 0.0852344 0.0825782 0.720588
0 0.0451831 0.42364 0.0902975 0.091139 0.648491
0 0.222041 0.298629 0.0952958 0.0826557 0.572077
0 0.42461 0.382697 0.0740092 0.0614299 0.556709
0 0.39027 0.353813 0.0750861 0.0535511 0.5521
0 0.25776 0.375381 0.0809897 0.071964 0.54469
0 0.884471 0.349075 0.0671389 0.064928 0.519228
