0 0.285103 0.432028 0.0948288 0.0872303 0.815101
0 0.706601 0.428117 0.102968 0.0790275 0.804035
0 0.109773 0.479207 0.109509 0.100273 0.801812
0 0.616949 0.41058 0.0872466 0.0640209 0.779447
0 0.856926 0.382688 0.0853856 0.0766167 0.750186
0 0.0925371 0.325424 0.0839721 0.0853007 0.745378
0 0.784934 0.354678 0.0636119 0.0562035 0.736532
0 0.157922 0.429398 0.0863099 0.0829783 0.675838
0 0.493056 0.434667 0.103825 0.0773788 0.654543
0 0.208996 0.664203 0.128406 0.102917 0.625156
0 0.0568906 0.623006 0.113595 0.113038 0.606082
0 0.614226 0.573612 0.13119 0.118457 0.545466
