0 0.806085 0.461071 0.100938 0.0723616 0.806854
0 0.39879 0.37496 0.0794689 0.0624749 0.79171
0 0.0550013 0.425223 0.0938522 0.0906925 0.789739
0 0.0426378 0.571747 0.0852755 0.117246 0.771426
0 0.327655 0.339829 0.0803293 0.0615442 0.768313
0 0.728061 0.42641 0.089604 0.0677263 0.755111
0 0.829509 0.399782 0.101085 0.0821613 0.742679
0 0.208993 0.294104 0.0727932 0.0577755 0.733744
0 0.212888 0.502053 0.108888 0.0858726 0.721255
0 0.590048 0.360104 0.0837912 0.0635044 0.696156
0 0.135083 0.3105 0.0694939 0.0563233 0.68395
