0 0.694034 0.503771 0.132383 0.0958881 0.809232
0 0.619129 0.400076 0.0909019 0.0737715 0.777624
0 0.711159 0.604009 0.0953075 0.104509 0.766447
0 0.105257 0.521659 0.109759 0.0868117 0.74846
0 0.833925 0.407964 0.094656 0.0726759 0.743966
0 0.0441951 0.42375 0.0877246 0.0891835 0.7151
0 0.417363 0.341596 0.0766318 0.0568922 0.713491
0 0.18305 0.305998 0.0693788 0.060013 0.662454
0 0.492566 0.340295 0.0752206 0.0583001 0.627334
0 0.158661 0.396518 0.0781518 0.0751482 0.605921
0 0.0992856 0.304272 0.0718407 0.054863 0.586167
0 0.0967443 0.407965 0.0927488 0.091764 0.567303
