0 0.0771924 0.609659 0.124711 0.107064 0.83607
0 0.813263 0.53451 0.12192 0.101263 0.813121
0 0.0916759 0.411754 0.0881048 0.0767466 0.80137
0 0.366111 0.369187 0.0854918 0.0615931 0.781034
0 0.76634 0.408197 0.0880243 0.0741651 0.760861
0 0.210499 0.497469 0.115331 0.0863188 0.73543
0 0.450709 0.31936 0.0939553 0.0773282 0.717886
0 0.309053 0.332136 0.0743353 0.0626099 0.613589
0 0.770094 0.480607 0.120862 0.0772539 0.566576
0 0.209345 0.381421 0.091818 0.0885549 0.552422
0 0.147506 0.401771 0.0873363 0.0736295 0.519747
0 0.0245965 0.357322 0.049039 0.0667814 0.518257
0 0.253573 0.370669 0.109719 0.0938995 0.509785
