0 0.20006 0.476857 0.100325 0.0832904 0.805578
0 0.28262 0.462749 0.10064 0.0768802 0.800796
0 0.198019 0.386311 0.0851852 0.0718508 0.771178
0 0.134286 0.642319 0.136053 0.0973178 0.771141
0 0.308335 0.327974 0.0938256 0.0720142 0.76466
0 0.765215 0.332366 0.0598202 0.0621074 0.762251
0 0.587202 0.398248 0.0888996 0.0634891 0.730074
0 0.845605 0.313362 0.0640705 0.0592962 0.728122
0 0.84297 0.414536 0.0830467 0.0634106 0.722409
0 0.0933519 0.412092 0.0838086 0.0723701 0.720744
0 0.0574382 0.615932 0.114876 0.116598 0.680457
0 0.0346671 0.445496 0.0691189 0.106069 0.654731
0 0.305485 0.542078 0.109044 0.0910408 0.648274
0 0.0537626 0.359593 0.0821882 0.0756391 0.643787
0 0.4693 0.386997 0.0924119 0.0646745 0.51297
