0 0.728494 0.52787 0.121386 0.113991 0.822477
0 0.622394 0.39801 0.0984437 0.0802907 0.815013
0 0.0780547 0.443538 0.0848571 0.0796265 0.755881
0 0.140157 0.42099 0.0933453 0.083932 0.749019
0 0.121109 0.640172 0.1164 0.0965064 0.739932
0 0.235907 0.663092 0.136389 0.10072 0.728638
0 0.846494 0.424854 0.0906345 0.0660071 0.722919
2 0.408712 0.532458 0.20637 0.194535 0.706586
0 0.819462 0.339629 0.0593154 0.0620781 0.693038
0 0.451979 0.418035 0.0951733 0.0745177 0.676296
0 0.128952 0.364076 0.0845416 0.0662295 0.533272
