0 0.0871406 0.413656 0.0905185 0.0769929 0.827096
0 0.319579 0.503177 0.103956 0.0926223 0.825825
0 0.635383 0.514153 0.11111 0.0966325 0.818623
0 0.686484 0.441444 0.102892 0.0704408 0.794613
0 0.212161 0.358361 0.0909246 0.091462 0.789911
0 0.847381 0.418975 0.0887976 0.0725421 0.786082
0 0.741703 0.405291 0.089663 0.0617113 0.744832
0 0.0329066 0.46235 0.0658132 0.0847059 0.696798
0 0.785261 0.353942 0.0627584 0.0553674 0.68019
0 0.0572354 0.622927 0.114451 0.112364 0.622823
0 0.208684 0.664509 0.12911 0.103687 0.619447
0 0.850288 0.355928 0.0647319 0.0591475 0.593844
0 0.467466 0.575697 0.134228 0.117381 0.548069
