0 0.379407 0.519424 0.113208 0.093491 0.843591
0 0.718441 0.534592 0.124606 0.0970558 0.816855
0 0.540333 0.517474 0.111472 0.104474 0.810845
0 0.163091 0.469237 0.0957982 0.0820872 0.806418
0 0.261603 0.45251 0.102541 0.0903458 0.792031
0 0.803246 0.341716 0.083073 0.078565 0.765715
0 0.123976 0.36607 0.0801021 0.0679389 0.75707
0 0.23074 0.657017 0.125565 0.106232 0.75173
0 0.0382121 0.339918 0.0761375 0.0676561 0.747231
0 0.212709 0.38631 0.0772718 0.0687066 0.642563
0 0.8843 0.350263 0.0660137 0.0612193 0.616608
0 0.257637 0.373948 0.0806949 0.0713893 0.505522
0 0.3226 0.444299 0.0853333 0.0706937 0.501127
