0 0.365034 0.517793 0.107127 0.0887919 0.829266
0 0.283285 0.462145 0.0957122 0.0829917 0.809182
0 0.0953114 0.479368 0.101473 0.087492 0.783447
0 0.183874 0.380583 0.0844067 0.0747491 0.773741
0 0.849893 0.357726 0.0644392 0.0625012 0.746848
0 0.655385 0.555016 0.115801 0.0972471 0.741858
0 0.784978 0.354971 0.0636299 0.0573059 0.739802
0 0.24599 0.367823 0.0813749 0.0783217 0.678053
0 0.208976 0.664463 0.127853 0.102005 0.615731
0 0.0565435 0.62335 0.112978 0.114007 0.615053
0 0.0288928 0.426589 0.0577857 0.0757058 0.530694
