0 0.0922521 0.415055 0.0867176 0.0722526 0.813582
0 0.735872 0.536313 0.111857 0.102239 0.81294
0 0.0697851 0.610234 0.139208 0.133807 0.804161
0 0.279493 0.383321 0.0877903 0.0705766 0.804111
0 0.370557 0.499051 0.113232 0.0943366 0.775893
0 0.367579 0.364617 0.0849437 0.0693548 0.775366
0 0.654686 0.419103 0.0995719 0.0700255 0.766554
0 0.857445 0.353527 0.0695927 0.0759998 0.76329
0 0.264281 0.320049 0.0839096 0.070438 0.750316
0 0.697025 0.373582 0.0765853 0.0675835 0.61384
0 0.0918894 0.299079 0.0614881 0.0570249 0.608076
0 0.180119 0.270737 0.0684459 0.0601802 0.571195
