0 0.268352 0.423033 0.100774 0.0967099 0.819074
0 0.370233 0.51526 0.105258 0.0979888 0.815531
0 0.149423 0.366479 0.102466 0.0854094 0.813085
0 0.551522 0.496093 0.10117 0.079009 0.812055
0 0.0663698 0.405431 0.0833422 0.0712953 0.787532
0 0.851185 0.353271 0.0738407 0.0762543 0.760868
0 0.0849484 0.32172 0.0688862 0.0709709 0.584303
0 0.0311029 0.361365 0.0622058 0.0647424 0.583374
0 0.686234 0.641552 0.149032 0.129391 0.561417
0 0.195258 0.304269 0.0797258 0.0645114 0.561111
0 0.261469 0.529222 0.112948 0.0907215 0.544397
