0 0.24365 0.798584 0.308822 0.393793 0.894305
0 0.527669 0.425024 0.125296 0.178673 0.788454
0 0.885373 0.395841 0.120574 0.112546 0.774312
0 0.246552 0.591605 0.216763 0.254514 0.753896
0 0.589742 0.258265 0.0982285 0.0744817 0.744032
0 0.357223 0.36883 0.136394 0.146327 0.717946
0 0.114375 0.434197 0.151955 0.136179 0.645756
0 0.0710774 0.679632 0.141863 0.256814 0.632098
0 0.908259 0.27618 0.0663479 0.0562831 0.579627
0 0.729878 0.245553 0.0825343 0.0654677 0.519754
0 0.462151 0.365497 0.113686 0.122374 0.511798
0 0.263803 0.37807 0.112151 0.12099 0.504766
