0 0.139227 0.632721 0.123649 0.0993761 0.841281
0 0.0482756 0.364061 0.0866101 0.0856389 0.815497
0 0.185201 0.377666 0.115611 0.0910278 0.810601
0 0.126595 0.456533 0.0955639 0.0759177 0.806668
0 0.543238 0.48538 0.128746 0.105612 0.805366
0 0.315036 0.510807 0.092837 0.0740499 0.797296
0 0.395845 0.367196 0.0965311 0.0777513 0.781611
0 0.774946 0.328942 0.077965 0.0711405 0.776653
0 0.851535 0.358977 0.0677919 0.0616235 0.772715
0 0.827488 0.583035 0.132803 0.112829 0.741277
0 0.269682 0.464665 0.0985468 0.067815 0.698407
0 0.282061 0.424626 0.0977022 0.0800719 0.564143
