0 0.694776 0.392159 0.1091 0.0846916 0.818389
0 0.390242 0.366959 0.0904742 0.0752065 0.815855
0 0.850265 0.466612 0.104195 0.0784303 0.796597
0 0.277599 0.330527 0.0786588 0.0599174 0.761898
0 0.856298 0.349647 0.065852 0.0761069 0.761026
0 0.15683 0.540204 0.11523 0.086035 0.749213
0 0.050141 0.428237 0.100282 0.0889217 0.741754
0 0.124022 0.383326 0.086226 0.0819058 0.71723
0 0.191434 0.292416 0.0732625 0.057528 0.713259
0 0.0783637 0.314402 0.0946035 0.0831352 0.651227
0 0.812566 0.341878 0.0574148 0.0664973 0.616803
0 0.417388 0.320416 0.080016 0.0650736 0.587115
0 0.342772 0.327467 0.0699676 0.0561415 0.585367
0 0.0917518 0.592681 0.131641 0.0929444 0.545512
