0 0.311911 0.473901 0.110421 0.0799993 0.819307
0 0.570412 0.467161 0.102473 0.0775167 0.806672
0 0.728349 0.605211 0.102824 0.110669 0.788622
0 0.387038 0.374134 0.0866748 0.0626665 0.786137
0 0.126699 0.509281 0.131181 0.0948381 0.783037
0 0.312774 0.316542 0.0755116 0.0649457 0.775413
0 0.224137 0.361538 0.0862903 0.084127 0.758674
0 0.762383 0.535255 0.102992 0.0981075 0.750237
0 0.119746 0.419301 0.0842997 0.074903 0.723653
0 0.267722 0.289337 0.0767548 0.056412 0.596645
0 0.543538 0.399397 0.0948685 0.075934 0.593714
0 0.168527 0.315309 0.0695738 0.0624093 0.588599
0 0.609122 0.37716 0.0844226 0.074852 0.588537
0 0.112746 0.287288 0.0613775 0.0541026 0.573127
0 0.171159 0.403119 0.0823827 0.0811528 0.557854
0 0.681848 0.373826 0.0746345 0.0689719 0.538204
