0 0.349955 0.442195 0.0993666 0.0747735 0.824706
0 0.414625 0.558574 0.143193 0.119671 0.816732
0 0.706612 0.409447 0.116826 0.0949587 0.813514
0 0.179662 0.503779 0.103644 0.0813521 0.781886
0 0.173463 0.403296 0.0829357 0.0695858 0.779233
0 0.261183 0.332371 0.0819277 0.0729409 0.776626
0 0.143149 0.639067 0.132474 0.095591 0.740207
0 0.257612 0.490516 0.090578 0.0772332 0.720318
0 0.620831 0.3818 0.0728666 0.0616074 0.706886
0 0.0886728 0.281735 0.0739867 0.0595241 0.598538
0 0.0248141 0.387711 0.0496126 0.0728739 0.58711
0 0.518619 0.508107 0.116373 0.111078 0.581125
