0 0.0877487 0.609739 0.122086 0.0947969 0.848678
0 0.644782 0.378851 0.103132 0.0873076 0.822086
0 0.367126 0.502929 0.123156 0.096412 0.821651
0 0.243652 0.484779 0.109781 0.0878041 0.802279
0 0.755234 0.431284 0.0971104 0.0702752 0.793123
0 0.768183 0.569723 0.0780376 0.100125 0.776313
0 0.142598 0.396761 0.0894599 0.0746545 0.774258
0 0.302669 0.33859 0.0740339 0.0539344 0.726315
0 0.821574 0.40568 0.0888602 0.0661111 0.690363
0 0.249874 0.363255 0.0912619 0.0905195 0.638288
0 0.206942 0.389903 0.085433 0.0675722 0.593167
0 0.031287 0.424182 0.0625741 0.0774294 0.531198
0 0.0632232 0.397026 0.083482 0.0852123 0.513518
