0 0.316588 0.47675 0.106469 0.0853336 0.823306
0 0.787761 0.543387 0.125207 0.107922 0.816941
0 0.675011 0.439667 0.104673 0.0707126 0.812193
0 0.253229 0.395295 0.0892752 0.0798882 0.800333
0 0.789911 0.398164 0.0857042 0.0666963 0.773622
0 0.0873159 0.416377 0.0853739 0.0732685 0.755247
0 0.320036 0.380542 0.0959936 0.0846317 0.746503
0 0.872178 0.346726 0.065147 0.0742159 0.727817
0 0.120978 0.640391 0.116778 0.0973572 0.723513
0 0.23553 0.662878 0.135763 0.101359 0.72133
0 0.453064 0.548221 0.149262 0.115592 0.697187
0 0.601466 0.410641 0.0927 0.0646064 0.659309
0 0.819825 0.339486 0.0587681 0.0607229 0.637472
