0 0.141669 0.455065 0.101664 0.0806805 0.846111
0 0.658527 0.419369 0.10845 0.0871443 0.832623
0 0.0602778 0.398155 0.084815 0.0713268 0.82677
0 0.742078 0.53658 0.126182 0.0971705 0.82401
0 0.271677 0.460182 0.0919796 0.0739295 0.812238
0 0.555919 0.516402 0.128737 0.105981 0.807873
0 0.782805 0.426634 0.103688 0.0761578 0.802001
0 0.857917 0.346983 0.0686132 0.0737927 0.798647
0 0.384971 0.555053 0.128009 0.111042 0.793032
0 0.0332938 0.4592 0.066431 0.0798512 0.732619
0 0.295545 0.422034 0.0976892 0.0841218 0.650753
