0 0.573745 0.492553 0.11588 0.0924499 0.831243
0 0.0700589 0.60923 0.140118 0.135021 0.824634
0 0.0923774 0.415371 0.0867465 0.0722916 0.819371
0 0.817707 0.510783 0.110955 0.0919532 0.805071
0 0.27943 0.382685 0.0881147 0.0708674 0.792461
0 0.36749 0.450628 0.134956 0.110455 0.785152
0 0.701724 0.376912 0.0896309 0.0732725 0.775903
0 0.857809 0.353426 0.0694824 0.0762379 0.771578
0 0.347312 0.309816 0.0737195 0.0611078 0.77101
0 0.666942 0.429867 0.0831427 0.0692602 0.754974
0 0.179727 0.526167 0.145245 0.120276 0.750217
0 0.111911 0.290204 0.0749243 0.0560535 0.619428
0 0.473079 0.362574 0.102254 0.0824434 0.592215
