0 0.243691 0.369692 0.0889775 0.0721567 0.802894
0 0.364154 0.337349 0.0898755 0.0728505 0.796886
0 0.755063 0.389697 0.096198 0.0679632 0.772419
0 0.124929 0.378482 0.0822283 0.0770666 0.739073
0 0.567572 0.39905 0.103695 0.0824254 0.719827
0 0.0312049 0.413599 0.0623487 0.0771232 0.708101
0 0.855943 0.351408 0.0723358 0.0770735 0.668243
0 0.204085 0.289474 0.0719352 0.0547691 0.634445
0 0.324712 0.301211 0.0708474 0.0537442 0.628798
0 0.0792426 0.407528 0.0819645 0.0736208 0.623231
0 0.129073 0.288156 0.0709773 0.0547992 0.586811
0 0.0377555 0.277005 0.0723599 0.0653299 0.516318
