0 0.559741 0.53508 0.112018 0.0855189 0.820227
0 0.754803 0.332131 0.082148 0.0772234 0.770928
0 0.851458 0.353638 0.0736134 0.0765747 0.76815
0 0.102259 0.357804 0.0803546 0.0678919 0.767554
0 0.193022 0.35404 0.0763372 0.0750526 0.756117
0 0.411271 0.414521 0.128616 0.0875682 0.730719
0 0.184075 0.441994 0.0822975 0.0764131 0.722941
0 0.12607 0.63167 0.163755 0.121982 0.680507
0 0.69331 0.635186 0.155177 0.140025 0.671199
0 0.328744 0.3909 0.082228 0.0680133 0.611364
0 0.212446 0.674016 0.127094 0.0905588 0.551566
