0 0.31632 0.463521 0.11224 0.0985655 0.84059
0 0.435598 0.533594 0.111964 0.0884127 0.803883
0 0.591471 0.528656 0.121114 0.105058 0.775592
0 0.122079 0.360784 0.0747958 0.0674928 0.742556
0 0.203299 0.39065 0.0818154 0.0670291 0.729841
0 0.222336 0.663242 0.145986 0.115502 0.698468
0 0.797048 0.328084 0.08208 0.102602 0.662172
0 0.0779734 0.652717 0.134844 0.104733 0.625301
0 0.250428 0.357249 0.0905096 0.0780524 0.578195
0 0.0233073 0.426693 0.0466146 0.0733495 0.565879
0 0.0631013 0.321324 0.0755677 0.0654234 0.540172
