0 0.770972 0.442824 0.117606 0.085103 0.818319
0 0.533301 0.498653 0.112467 0.0915884 0.787593
0 0.611992 0.460081 0.107808 0.0873537 0.772644
0 0.326912 0.362307 0.0840221 0.062108 0.766198
0 0.851283 0.351101 0.0721451 0.0705738 0.70837
0 0.169698 0.482368 0.143366 0.109268 0.701004
0 0.238933 0.318234 0.0744902 0.0545687 0.640431
0 0.0992995 0.414324 0.0874708 0.0723462 0.635632
0 0.336566 0.310085 0.0756785 0.0535986 0.629119
0 0.222121 0.530859 0.141953 0.105899 0.615709
0 0.867131 0.409014 0.103085 0.0785 0.605586
0 0.882872 0.521763 0.114122 0.0942837 0.584979
0 0.145463 0.391709 0.0963051 0.0856864 0.525881
0 0.217988 0.364872 0.0785744 0.0730745 0.508185
