0 0.100714 0.600133 0.12698 0.106379 0.848412
0 0.548982 0.472513 0.097628 0.0709644 0.818617
0 0.715569 0.50561 0.131708 0.0958811 0.809217
0 0.368592 0.368755 0.0874088 0.0656414 0.795362
0 0.677332 0.427819 0.10048 0.0765774 0.775104
0 0.263315 0.321349 0.0780186 0.0657185 0.773961
0 0.0392331 0.431673 0.0784662 0.0775969 0.762572
0 0.132969 0.392471 0.076943 0.0760549 0.753563
0 0.235095 0.503742 0.122843 0.0831474 0.738868
0 0.863339 0.412526 0.0946091 0.0722039 0.724621
0 0.219277 0.282039 0.0666368 0.0510344 0.603031
0 0.0732398 0.402836 0.0859509 0.0848575 0.53457
