0 0.424336 0.569672 0.123236 0.0997299 0.826182
0 0.828739 0.439457 0.104819 0.0735326 0.801858
0 0.243954 0.482572 0.099272 0.0808076 0.796675
0 0.0439766 0.461354 0.0877285 0.0786711 0.7937
0 0.254901 0.363101 0.0823381 0.0815891 0.79089
0 0.887704 0.560666 0.134765 0.119185 0.790252
2 0.753846 0.351238 0.258674 0.174387 0.757059
0 0.333621 0.352185 0.0781912 0.0699745 0.756245
0 0.0335801 0.38475 0.0671601 0.0744308 0.753434
0 0.0447623 0.631306 0.0894594 0.0980111 0.752069
0 0.303116 0.462 0.0975881 0.0778189 0.738317
0 0.530996 0.548202 0.128301 0.110646 0.662982
