0 0.60747 0.503333 0.115666 0.103299 0.823462
0 0.367285 0.417592 0.0890097 0.0767694 0.820261
0 0.219218 0.409779 0.104174 0.0953088 0.786299
0 0.776501 0.423526 0.0899078 0.0732419 0.784437
0 0.754019 0.331744 0.0808016 0.0755399 0.770419
0 0.852316 0.35311 0.0715965 0.0711377 0.768387
0 0.143441 0.373062 0.0789823 0.0698964 0.712815
0 0.125563 0.631353 0.164288 0.124755 0.669485
0 0.0595895 0.321291 0.0742534 0.0723924 0.661729
0 0.839626 0.307849 0.0748938 0.068752 0.559065
0 0.521971 0.408236 0.0906783 0.0699851 0.530493
