0 0.296496 0.749114 0.261968 0.396771 0.852015
0 0.843956 0.405363 0.115574 0.116844 0.797789
0 0.517991 0.441386 0.128849 0.174508 0.792226
0 0.377408 0.461459 0.16467 0.175688 0.764511
0 0.0959219 0.801867 0.191722 0.366291 0.753834
0 0.600035 0.211338 0.0672596 0.0446595 0.658307
0 0.810353 0.25766 0.0615441 0.0615385 0.65259
0 0.345713 0.3842 0.123854 0.116523 0.616125
0 0.0947933 0.614546 0.188701 0.249329 0.552717
0 0.964145 0.294087 0.0690842 0.0587424 0.53616
0 0.313573 0.333597 0.136371 0.140167 0.518645
