0 0.544783 0.525605 0.113383 0.0950489 0.819142
0 0.0722177 0.469436 0.107053 0.101132 0.811725
0 0.0697732 0.609245 0.139546 0.134986 0.809183
0 0.279413 0.383322 0.0886589 0.0720643 0.793773
0 0.237865 0.653448 0.129053 0.109673 0.790543
0 0.857357 0.353334 0.0693821 0.0744231 0.786384
0 0.805016 0.554459 0.126862 0.0994949 0.784358
0 0.409622 0.341468 0.0784519 0.0614712 0.780235
0 0.128356 0.391863 0.0804257 0.0731203 0.778701
0 0.762188 0.336945 0.065663 0.0606378 0.756144
0 0.869022 0.4638 0.11233 0.0827162 0.750439
0 0.181538 0.375441 0.0812419 0.0784524 0.738864
0 0.180648 0.306021 0.0714528 0.0578903 0.666858
