0 0.0687648 0.615049 0.136696 0.116622 0.824995
0 0.209095 0.381984 0.0854486 0.0838879 0.79071
0 0.105731 0.385541 0.0826251 0.0735151 0.765448
0 0.842464 0.411116 0.0900961 0.0684316 0.763756
0 0.262623 0.324453 0.0739416 0.0577613 0.755461
0 0.872602 0.346693 0.0696278 0.0702029 0.678954
0 0.440289 0.383614 0.0842665 0.0631778 0.670328
0 0.0567028 0.535921 0.113406 0.0846183 0.64932
0 0.0515838 0.400476 0.0785198 0.0717729 0.598694
1 0.712206 0.399594 0.180853 0.151645 0.578627
2 0.712339 0.398074 0.180952 0.153034 0.537135
