0 0.103264 0.486439 0.100056 0.0854228 0.809937
0 0.365961 0.518598 0.113774 0.0917469 0.807637
0 0.183963 0.381059 0.0841157 0.0732975 0.769499
0 0.303132 0.347248 0.084002 0.0705974 0.760793
0 0.785683 0.355106 0.0641117 0.0581017 0.75056
0 0.850246 0.357734 0.0632393 0.063767 0.71585
0 0.134851 0.427073 0.0937812 0.0730128 0.692314
0 0.208898 0.664639 0.128516 0.103716 0.666298
0 0.729783 0.657377 0.136575 0.115449 0.652659
0 0.0565446 0.623351 0.112973 0.111418 0.642274
0 0.245598 0.368366 0.079834 0.0778497 0.63679
