0 0.0616513 0.461176 0.101544 0.0995419 0.814651
0 0.0583489 0.366547 0.0868697 0.0818531 0.778535
0 0.403352 0.456425 0.0947455 0.0818993 0.76953
0 0.213547 0.445645 0.100369 0.0812434 0.761297
0 0.2618 0.310131 0.0730537 0.0547253 0.71648
0 0.239485 0.367875 0.078858 0.0717028 0.703096
0 0.879683 0.341888 0.0807175 0.0814869 0.679603
0 0.466749 0.539647 0.123742 0.111098 0.603558
0 0.554012 0.518711 0.109907 0.0692099 0.590976
0 0.0590794 0.614844 0.118106 0.103577 0.584884
0 0.248275 0.265031 0.0662084 0.0493754 0.54713
0 0.508873 0.353882 0.0864758 0.0724289 0.542612
