0 0.707808 0.648317 0.142535 0.116819 0.825962
0 0.138978 0.633398 0.123898 0.0992748 0.813938
0 0.0645552 0.434267 0.0893161 0.0864425 0.796234
0 0.774481 0.32877 0.077881 0.0720198 0.779779
0 0.85207 0.359018 0.0678547 0.0636688 0.768446
0 0.157704 0.50526 0.0955997 0.0786597 0.732429
0 0.22427 0.449824 0.0900833 0.076131 0.73102
0 0.876156 0.571016 0.128253 0.102763 0.726395
0 0.253587 0.369136 0.0797005 0.0787367 0.646812
0 0.0415344 0.360451 0.0830662 0.0782021 0.618667
0 0.554462 0.558486 0.123106 0.0935092 0.591987
