0 0.731352 0.43008 0.105754 0.0815308 0.805756
0 0.619031 0.399637 0.108081 0.0873255 0.79359
0 0.0935119 0.480485 0.0931479 0.0897265 0.77876
0 0.230169 0.395276 0.0904235 0.0760084 0.753816
0 0.157032 0.456633 0.0954947 0.0876673 0.748888
0 0.785888 0.3548 0.0633919 0.0573837 0.723788
0 0.849987 0.357328 0.0635237 0.0624174 0.703008
0 0.537883 0.492052 0.107677 0.0845454 0.65642
0 0.209089 0.664638 0.129064 0.104896 0.648546
0 0.0569609 0.622967 0.113801 0.112116 0.629248
0 0.609142 0.544214 0.114801 0.0913173 0.62863
0 0.0648664 0.321385 0.0731111 0.0688155 0.628565
