0 0.0915886 0.415126 0.086162 0.0721233 0.804617
0 0.191228 0.486544 0.1443 0.106834 0.802043
0 0.279758 0.382685 0.089163 0.0721384 0.800138
0 0.0699774 0.610553 0.139955 0.122083 0.79903
0 0.355859 0.323292 0.0821529 0.0714854 0.787763
0 0.668672 0.496915 0.108939 0.0853846 0.787172
0 0.252042 0.313952 0.089413 0.0748403 0.771716
0 0.851916 0.46611 0.107313 0.0791548 0.750683
0 0.792704 0.294911 0.0786733 0.0664356 0.727536
0 0.857832 0.350991 0.0696434 0.0697349 0.650176
0 0.700863 0.40874 0.104772 0.0760915 0.556459
