0 0.733164 0.559193 0.135118 0.11877 0.837337
0 0.162449 0.460089 0.107539 0.0937352 0.812864
0 0.164873 0.635917 0.122473 0.0953564 0.804282
0 0.085242 0.476757 0.0933535 0.0812872 0.801368
0 0.618781 0.416736 0.0963387 0.0800001 0.798347
0 0.0593132 0.404488 0.0882427 0.0732278 0.778373
0 0.300174 0.331196 0.0792345 0.0664145 0.771067
0 0.424182 0.322558 0.0820877 0.0739254 0.758322
0 0.100193 0.599893 0.124966 0.104973 0.734596
0 0.801 0.317972 0.0637503 0.0758207 0.668967
0 0.253302 0.306048 0.0724077 0.052608 0.624853
