0 0.0577717 0.622995 0.115543 0.112927 0.777467
0 0.409764 0.360031 0.0820551 0.0639017 0.772231
0 0.184304 0.38208 0.084013 0.0756147 0.763083
0 0.859518 0.530563 0.129693 0.0849184 0.761211
0 0.785617 0.355052 0.0637511 0.0573362 0.745209
0 0.850275 0.357755 0.0627477 0.0626019 0.710003
0 0.388057 0.290868 0.0729389 0.052563 0.699375
0 0.44697 0.469921 0.123648 0.092023 0.666797
0 0.208517 0.664864 0.131192 0.104379 0.657969
0 0.246488 0.368327 0.0814466 0.0798734 0.653405
0 0.0419907 0.426393 0.0839813 0.0920197 0.566533
