0 0.340385 0.677938 0.26298 0.388098 0.856157
0 0.53458 0.401389 0.109534 0.140709 0.807301
0 0.703781 0.49211 0.144289 0.193333 0.807079
0 0.426686 0.379422 0.129692 0.161004 0.780156
0 0.852443 0.386756 0.103186 0.120689 0.758057
0 0.0747744 0.512822 0.149311 0.146695 0.705347
0 0.304302 0.382092 0.146436 0.150343 0.704436
0 0.0671108 0.402698 0.0976828 0.111351 0.659683
0 0.90809 0.302948 0.0957474 0.0886567 0.558719
1 0.25757 0.215013 0.0881818 0.0736924 0.538863
0 0.552707 0.195159 0.0403284 0.0535113 0.528832
