0 0.294618 0.498476 0.109325 0.0870681 0.809533
0 0.105441 0.484305 0.0941124 0.0888839 0.792666
0 0.352122 0.455355 0.0928524 0.0753533 0.782689
0 0.183754 0.382019 0.0846435 0.0738605 0.780165
0 0.0853932 0.348893 0.0771624 0.0788663 0.771563
0 0.785534 0.355112 0.0639722 0.0580349 0.732116
0 0.850074 0.357643 0.0638271 0.0639323 0.707754
0 0.522341 0.556232 0.113793 0.0910911 0.691827
0 0.208952 0.664792 0.128415 0.104101 0.668583
0 0.827883 0.593273 0.128765 0.100052 0.632406
0 0.0566988 0.622988 0.113257 0.111305 0.605039
0 0.246295 0.368245 0.080475 0.0788367 0.576417
