0 0.591456 0.492972 0.113932 0.102525 0.813274
0 0.0575716 0.62243 0.115143 0.112356 0.80346
0 0.146725 0.499083 0.0999826 0.0809436 0.786418
0 0.240192 0.453475 0.100755 0.0802416 0.780244
0 0.383027 0.33157 0.0814642 0.0672807 0.778596
0 0.640979 0.389756 0.0895754 0.0677814 0.777453
0 0.115566 0.39141 0.0842175 0.0713982 0.753814
0 0.184339 0.381044 0.0841754 0.0723364 0.745556
0 0.785505 0.355075 0.0637672 0.0582396 0.736935
0 0.849807 0.357861 0.0639725 0.0637314 0.698123
0 0.20907 0.663696 0.128855 0.102125 0.68697
0 0.245693 0.367057 0.0795407 0.0754813 0.643329
0 0.703186 0.646853 0.141956 0.109765 0.558331
