0 0.247047 0.594157 0.213634 0.264064 0.829994
0 0.527009 0.424133 0.125047 0.172504 0.805476
0 0.0697558 0.57351 0.139399 0.19852 0.773568
0 0.35742 0.367047 0.136784 0.147322 0.766976
0 0.482598 0.225488 0.0817552 0.0679058 0.746528
0 0.114299 0.435238 0.147346 0.133346 0.664036
0 0.847517 0.237717 0.0611008 0.0540357 0.627957
0 0.462342 0.364928 0.113399 0.121399 0.603586
0 0.267171 0.375877 0.118872 0.124261 0.586215
0 0.932949 0.267271 0.0596513 0.0506231 0.563694
0 0.389944 0.205854 0.0544417 0.0444754 0.558631
