0 0.73491 0.428129 0.0985487 0.0681695 0.798708
0 0.175508 0.438883 0.0924212 0.0802964 0.792088
0 0.281985 0.404824 0.0821468 0.0743403 0.790411
0 0.638328 0.411056 0.0791048 0.0678162 0.789306
0 0.800765 0.384675 0.0983166 0.0847716 0.767867
0 0.0567558 0.343675 0.0815017 0.0731044 0.715998
0 0.115793 0.329527 0.0754505 0.0804052 0.676698
0 0.0785523 0.652124 0.133701 0.109672 0.675672
0 0.222588 0.663484 0.14787 0.117928 0.649056
0 0.490938 0.42421 0.101162 0.0762333 0.59334
0 0.325904 0.389604 0.0845433 0.0712355 0.53055
