0 0.247142 0.593183 0.214247 0.262125 0.831862
0 0.526871 0.42423 0.124875 0.172237 0.8066
0 0.35741 0.366424 0.136162 0.147898 0.761839
0 0.0694836 0.574943 0.138698 0.202427 0.744573
0 0.833135 0.298235 0.077884 0.0879542 0.728603
0 0.391771 0.252716 0.0789184 0.067801 0.719114
0 0.115065 0.43638 0.146177 0.135697 0.649778
0 0.54341 0.189059 0.055599 0.0380722 0.634551
0 0.461691 0.36474 0.113194 0.123436 0.607728
0 0.267428 0.375879 0.118321 0.124292 0.592265
0 0.933155 0.267396 0.0596629 0.0505655 0.567542
0 0.847599 0.236756 0.0605021 0.0512259 0.52
