0 0.744319 0.521803 0.118062 0.0906908 0.814029
0 0.0885425 0.514312 0.146437 0.112534 0.791506
0 0.34494 0.357482 0.0836082 0.0708616 0.788998
0 0.744464 0.409156 0.0997424 0.0737778 0.771038
0 0.852018 0.349112 0.0720768 0.0768928 0.762424
0 0.469497 0.320252 0.0943596 0.0880351 0.686123
0 0.415776 0.357972 0.0696535 0.0629588 0.681089
0 0.250611 0.521892 0.119889 0.0863014 0.63147
0 0.314701 0.317829 0.0731954 0.0545471 0.623057
0 0.217718 0.283123 0.0678524 0.0549028 0.594134
0 0.142377 0.388792 0.0885348 0.0852636 0.590016
0 0.039311 0.27945 0.078622 0.0706216 0.544766
0 0.0665996 0.394271 0.119188 0.10164 0.516823
