0 0.588206 0.502494 0.109006 0.09134 0.82737
0 0.0965224 0.416975 0.0923354 0.0780301 0.80434
0 0.777725 0.578103 0.113755 0.0976978 0.788195
0 0.0680219 0.607704 0.13121 0.11396 0.780567
0 0.208887 0.416627 0.0905246 0.0760103 0.766188
0 0.422472 0.532919 0.1107 0.0874401 0.732076
0 0.862078 0.349982 0.0684975 0.073573 0.728416
0 0.230186 0.368564 0.0820876 0.07226 0.675226
0 0.439159 0.330812 0.0782312 0.0653284 0.668494
0 0.280971 0.530519 0.114412 0.108929 0.555479
0 0.378548 0.481213 0.0856642 0.0766995 0.545169
