0 0.24095 0.478458 0.103726 0.0975105 0.792465
0 0.163679 0.508952 0.0963398 0.0830653 0.770612
0 0.183406 0.381391 0.0844101 0.0722868 0.754784
0 0.78555 0.354964 0.0635394 0.0575102 0.739022
0 0.258896 0.306466 0.0801029 0.0588555 0.721391
0 0.849738 0.357924 0.0639938 0.063082 0.713713
0 0.246292 0.368913 0.0810746 0.0776651 0.671611
0 0.209139 0.664765 0.12938 0.104252 0.64463
0 0.0910915 0.386683 0.0845701 0.0738491 0.610617
0 0.0567771 0.622988 0.113406 0.112097 0.609025
0 0.136941 0.30115 0.0780082 0.06154 0.538743
