0 0.277909 0.488352 0.105755 0.0974422 0.827096
0 0.210387 0.407802 0.0996461 0.0921102 0.809325
0 0.0444 0.369751 0.0862577 0.0760361 0.790227
0 0.382401 0.560938 0.112666 0.0928319 0.787916
0 0.394334 0.373728 0.080772 0.0657471 0.78505
0 0.86305 0.349076 0.0721447 0.0789058 0.775553
0 0.160307 0.319016 0.0721294 0.0590711 0.7724
0 0.701503 0.60218 0.12491 0.101836 0.747701
0 0.11287 0.649577 0.12677 0.0982876 0.744958
0 0.602656 0.379966 0.082167 0.0647363 0.741499
0 0.885701 0.475432 0.100436 0.0744536 0.595457
