0 0.245427 0.803124 0.305303 0.385238 0.838015
0 0.527124 0.424035 0.125224 0.172313 0.802924
0 0.248528 0.589653 0.212981 0.253289 0.787168
0 0.357389 0.366973 0.136416 0.147704 0.752938
0 0.069924 0.574258 0.139691 0.201565 0.738561
0 0.604549 0.230884 0.0764446 0.0565236 0.711906
0 0.456245 0.243896 0.0824215 0.0656614 0.693017
0 0.90856 0.276334 0.067841 0.0565166 0.645577
0 0.114197 0.435146 0.147754 0.133283 0.625736
0 0.462302 0.365175 0.114268 0.120925 0.611117
0 0.267387 0.376157 0.11834 0.12448 0.582705
0 0.656159 0.199583 0.0585438 0.0477577 0.523776
0 0.340714 0.217206 0.0597347 0.0486226 0.50544
