0 0.33702 0.454858 0.136006 0.112426 0.827828
0 0.093702 0.602463 0.13317 0.112689 0.826015
0 0.0505748 0.42774 0.10115 0.0900994 0.795021
0 0.665245 0.412928 0.0995193 0.0701043 0.792497
0 0.249984 0.321728 0.0759899 0.0626462 0.773983
0 0.40098 0.352155 0.0930382 0.0713813 0.732154
0 0.109154 0.380229 0.0818025 0.079766 0.658433
0 0.855783 0.349866 0.0681446 0.076855 0.651684
0 0.508625 0.508833 0.111003 0.081615 0.643401
0 0.858326 0.429181 0.100298 0.0686603 0.513953
0 0.885926 0.513096 0.127486 0.111516 0.501279
