0 0.101273 0.599538 0.126611 0.106711 0.836392
0 0.221782 0.475222 0.10427 0.0957079 0.802419
0 0.619231 0.398085 0.0908194 0.0772283 0.800711
0 0.113175 0.488653 0.101951 0.0881974 0.797252
0 0.317883 0.309597 0.0779322 0.0695984 0.79095
0 0.744974 0.446984 0.0980631 0.0721227 0.78305
0 0.412781 0.353879 0.0702812 0.0641809 0.778298
0 0.146444 0.391305 0.0836416 0.0789266 0.774365
0 0.729103 0.605923 0.131033 0.118528 0.762383
2 0.148058 0.242959 0.230627 0.129238 0.748457
0 0.822638 0.313106 0.065343 0.0756307 0.74462
0 0.200291 0.328203 0.0763948 0.0585597 0.697646
0 0.759602 0.541967 0.123837 0.0935858 0.658435
0 0.715813 0.399592 0.0938822 0.0644133 0.652025
