0 0.660006 0.507367 0.121463 0.106976 0.822868
0 0.381887 0.557644 0.126625 0.0971741 0.795656
0 0.0880175 0.474579 0.0832319 0.0777062 0.790209
0 0.245757 0.363538 0.0831841 0.0793676 0.784099
0 0.875759 0.457516 0.122394 0.0898356 0.753413
0 0.409176 0.366502 0.0938933 0.0717473 0.723805
0 0.132605 0.641893 0.126229 0.0840083 0.721053
0 0.0723526 0.39648 0.095202 0.0808221 0.696266
0 0.724178 0.646552 0.130069 0.12421 0.677406
0 0.602338 0.38533 0.116268 0.0826814 0.649783
0 0.272265 0.288237 0.0774626 0.0603627 0.617288
0 0.0885292 0.604674 0.130774 0.0896164 0.581226
0 0.35932 0.326523 0.0703445 0.0576847 0.537909
0 0.220768 0.30968 0.0764638 0.0540623 0.504875
