0 0.526354 0.424658 0.12521 0.173132 0.802386
0 0.0693359 0.574037 0.138592 0.20046 0.77616
0 0.35709 0.368508 0.13658 0.14931 0.760435
0 0.623288 0.212703 0.069234 0.0497425 0.662537
0 0.826028 0.249947 0.0722523 0.0655153 0.627517
0 0.461678 0.364822 0.114428 0.12238 0.624746
0 0.324504 0.25638 0.0746796 0.0613346 0.606709
0 0.266787 0.376938 0.119144 0.125749 0.598223
0 0.0978432 0.445589 0.15212 0.135978 0.594955
0 0.541392 0.189896 0.0546051 0.037019 0.581343
0 0.777737 0.278353 0.0461732 0.0734317 0.52894
