0 0.737283 0.424122 0.098461 0.0656913 0.750482
0 0.236745 0.356843 0.0877302 0.086319 0.747978
0 0.154887 0.390658 0.0756137 0.0726876 0.737085
0 0.668323 0.390116 0.0881363 0.0659444 0.733996
0 0.0863404 0.406976 0.0797565 0.0736855 0.730891
0 0.302372 0.348057 0.0822043 0.060547 0.702074
0 0.790656 0.393607 0.0943109 0.0661665 0.68083
0 0.130366 0.298812 0.0769312 0.0645736 0.618008
0 0.624928 0.300335 0.0772068 0.056249 0.562783
0 0.281506 0.305151 0.078159 0.052959 0.550374
0 0.530171 0.376557 0.076684 0.0650596 0.502159
