0 0.727279 0.542672 0.118632 0.0926363 0.8302
0 0.311248 0.495659 0.116432 0.105888 0.801088
0 0.4072 0.571766 0.110274 0.096379 0.793757
0 0.67032 0.408816 0.0925824 0.0783654 0.786016
0 0.852849 0.351777 0.0731564 0.0786646 0.767919
0 0.761704 0.33743 0.0668142 0.062333 0.759402
0 0.0771589 0.607629 0.125892 0.103385 0.75514
0 0.442233 0.341487 0.0859777 0.0757585 0.735043
0 0.207949 0.380883 0.0939559 0.0905455 0.724573
0 0.195917 0.506806 0.110802 0.0995989 0.72212
0 0.0547873 0.376957 0.0745289 0.0653575 0.717022
0 0.238676 0.663393 0.127015 0.103359 0.682754
0 0.105302 0.358027 0.0671219 0.0685321 0.667034
0 0.254474 0.367761 0.107356 0.0927324 0.571135
