0 0.258761 0.492142 0.105191 0.0851947 0.784898
0 0.360222 0.349003 0.0847084 0.063579 0.772316
0 0.75009 0.578974 0.111325 0.0921296 0.766242
0 0.681985 0.521544 0.119881 0.0888356 0.744889
0 0.0945828 0.477249 0.110336 0.101377 0.736406
0 0.344825 0.284123 0.0741964 0.0498995 0.704662
0 0.874346 0.447863 0.111985 0.0852322 0.682094
0 0.404129 0.491255 0.0985883 0.0831285 0.680375
0 0.755587 0.333457 0.0744574 0.0710154 0.663412
0 0.0888272 0.409634 0.087276 0.0734287 0.661201
0 0.473437 0.354612 0.0818995 0.0612239 0.586643
0 0.251669 0.418614 0.081911 0.0801512 0.568153
0 0.0932851 0.595153 0.131049 0.100065 0.558071
