0 0.134227 0.490514 0.101908 0.0816973 0.820165
0 0.622909 0.498144 0.115055 0.10359 0.808383
0 0.377066 0.367732 0.0837917 0.0595253 0.783697
0 0.733922 0.414718 0.0953362 0.0762722 0.782608
0 0.0485523 0.426133 0.0802442 0.0726362 0.748973
0 0.248359 0.479766 0.0921158 0.0799704 0.746303
0 0.231135 0.357195 0.0908036 0.0800741 0.73516
0 0.866477 0.34833 0.0684876 0.0621367 0.729162
0 0.2666 0.421675 0.0901075 0.0650789 0.710177
0 0.150874 0.290653 0.069849 0.0579868 0.654931
0 0.101495 0.40246 0.0888654 0.0779341 0.603718
0 0.0635485 0.349447 0.0958549 0.0839671 0.555406
