0 0.329743 0.756305 0.262782 0.392237 0.852991
0 0.517449 0.476028 0.134867 0.175744 0.784908
0 0.788159 0.442063 0.121322 0.156373 0.771551
0 0.287895 0.450622 0.15168 0.147619 0.764958
0 0.438597 0.408656 0.124929 0.143559 0.73742
0 0.126179 0.519793 0.154873 0.158088 0.734627
0 0.182307 0.698245 0.24848 0.313391 0.712876
0 0.506657 0.243894 0.0751207 0.0637451 0.708946
0 0.567862 0.238732 0.0655689 0.0526833 0.62471
0 0.317841 0.264537 0.056488 0.0463786 0.553861
0 0.932652 0.317947 0.0811447 0.0679514 0.540052
