0 0.547075 0.467989 0.115049 0.078843 0.789903
0 0.72347 0.381086 0.0980334 0.0794618 0.788359
0 0.319443 0.321227 0.078083 0.0608097 0.786363
0 0.138768 0.387967 0.0837746 0.0827481 0.752958
0 0.765681 0.515621 0.113591 0.0834568 0.729192
0 0.213733 0.387564 0.0776053 0.0720828 0.715069
0 0.848329 0.489463 0.105217 0.0894067 0.69107
0 0.425912 0.383236 0.0759941 0.0628059 0.658357
0 0.390875 0.353422 0.0767094 0.056558 0.641594
0 0.0455744 0.423314 0.0911488 0.0899767 0.582738
0 0.222382 0.297044 0.0970903 0.0852011 0.582657
