0 0.109838 0.4796 0.109426 0.100745 0.804609
0 0.705769 0.429571 0.102284 0.077047 0.801692
0 0.0930947 0.324659 0.0843682 0.0861447 0.798924
0 0.285475 0.431998 0.0940295 0.0865002 0.798262
0 0.617796 0.410188 0.088422 0.0671214 0.755136
0 0.78566 0.35495 0.0637346 0.0566476 0.745674
0 0.158144 0.4294 0.0845332 0.0831128 0.721776
0 0.857596 0.382546 0.0863297 0.0780668 0.669766
0 0.208831 0.665179 0.128866 0.104555 0.663364
0 0.493072 0.433249 0.104313 0.077415 0.635222
0 0.0569792 0.622992 0.113837 0.11184 0.612954
