0 0.0546613 0.42406 0.0928794 0.0923072 0.781506
0 0.727668 0.426182 0.087966 0.0695465 0.778273
0 0.398617 0.375273 0.0801387 0.0633743 0.776297
0 0.805243 0.461437 0.101874 0.0729197 0.776177
0 0.327747 0.340146 0.0801396 0.0611605 0.76328
0 0.134259 0.310465 0.0694026 0.0551108 0.714202
0 0.830003 0.40105 0.0993716 0.0816118 0.70907
0 0.212748 0.502038 0.109261 0.0844439 0.704122
0 0.590417 0.360831 0.0821067 0.0615611 0.701145
0 0.20839 0.294485 0.0731396 0.0586883 0.684795
0 0.0428155 0.57081 0.0856309 0.117671 0.658993
