0 0.638469 0.469464 0.122675 0.0870034 0.799464
0 0.0576456 0.622774 0.115291 0.113684 0.77583
0 0.785741 0.354897 0.0634544 0.0570521 0.749632
0 0.184273 0.382129 0.0841046 0.0754565 0.747875
0 0.247495 0.298489 0.0751304 0.0621518 0.716061
0 0.850305 0.357574 0.0629445 0.0631622 0.710499
0 0.675442 0.414614 0.0923763 0.0670742 0.67487
0 0.208005 0.664982 0.131357 0.105027 0.66028
0 0.246185 0.369157 0.0813733 0.0776712 0.643778
0 0.0421649 0.426011 0.0843299 0.091892 0.582347
0 0.0391083 0.265584 0.0715573 0.0580045 0.53527
