0 0.10524 0.522758 0.111728 0.0881275 0.784015
0 0.694025 0.502306 0.135804 0.0963053 0.766095
0 0.83397 0.408051 0.0969643 0.0775635 0.749259
0 0.618958 0.399579 0.0920078 0.0762343 0.747146
0 0.710785 0.602835 0.096954 0.107474 0.745609
0 0.417073 0.34176 0.0790245 0.0616583 0.703992
0 0.044705 0.423337 0.0886635 0.0898217 0.694463
0 0.182906 0.306369 0.0692695 0.0616849 0.643054
0 0.156919 0.396737 0.0811239 0.0754703 0.640329
0 0.100165 0.304123 0.0702231 0.0549351 0.569239
0 0.0961125 0.408048 0.0938292 0.0925605 0.523297
