0 0.077339 0.610257 0.124312 0.107203 0.820452
0 0.813095 0.533598 0.121336 0.103105 0.78674
0 0.210038 0.497701 0.115792 0.0850154 0.784899
0 0.0905811 0.412381 0.0860344 0.0769474 0.782604
0 0.365563 0.368346 0.0859018 0.0628537 0.771823
0 0.766141 0.408148 0.0892189 0.0773288 0.756126
0 0.451267 0.319327 0.0945805 0.0818141 0.727283
0 0.309085 0.331602 0.0743593 0.0633579 0.696886
0 0.20918 0.382502 0.0903381 0.0882331 0.682036
0 0.255577 0.370023 0.106026 0.0926951 0.562454
0 0.769319 0.479706 0.1203 0.0785785 0.519225
