0 0.13394 0.642512 0.135083 0.100242 0.796956
0 0.200537 0.477059 0.101552 0.0847144 0.794266
0 0.282758 0.462719 0.100353 0.0778732 0.76941
0 0.843475 0.414928 0.0834976 0.0628036 0.758888
0 0.198241 0.386948 0.0840268 0.0714469 0.75839
0 0.0935766 0.411958 0.0828572 0.0715176 0.745672
0 0.765277 0.333968 0.0595682 0.0618711 0.745024
0 0.586824 0.398324 0.0887371 0.0630949 0.73783
0 0.8455 0.313318 0.0639689 0.0599704 0.727279
0 0.0571098 0.615743 0.114029 0.115972 0.698369
0 0.053636 0.360272 0.0825876 0.0764701 0.615176
0 0.034495 0.445244 0.06899 0.1074 0.577168
0 0.468903 0.388204 0.0906382 0.0659983 0.546777
0 0.304157 0.5431 0.110398 0.0907862 0.5273
0 0.306981 0.328331 0.0923158 0.0719252 0.519184
