0 0.727561 0.527868 0.121545 0.111464 0.823507
0 0.140138 0.421879 0.0928393 0.0838372 0.790079
2 0.412169 0.533096 0.208812 0.19072 0.788073
0 0.622521 0.398806 0.0987099 0.0799861 0.78528
0 0.0778744 0.444446 0.0853272 0.0792374 0.774647
0 0.846569 0.424676 0.0903056 0.0675534 0.746172
0 0.23608 0.663006 0.136565 0.101376 0.721139
0 0.120562 0.640362 0.116686 0.0996967 0.719951
0 0.819431 0.340671 0.0584606 0.0622957 0.700378
0 0.129585 0.364461 0.0834619 0.0685128 0.621685
0 0.452667 0.418113 0.0944661 0.0724304 0.609152
0 0.873157 0.344484 0.0643032 0.0678485 0.516248
