0 0.318828 0.503205 0.102856 0.0930561 0.822268
0 0.0876582 0.414999 0.0908562 0.0789617 0.798305
0 0.636042 0.514886 0.110762 0.0957156 0.778444
0 0.687536 0.442017 0.102032 0.0701003 0.7682
0 0.847678 0.418698 0.0886898 0.0739631 0.758527
0 0.212279 0.35833 0.0899221 0.091482 0.742531
0 0.742393 0.405053 0.0893364 0.0618647 0.717376
0 0.209072 0.664468 0.128835 0.104435 0.668062
0 0.785891 0.354292 0.063171 0.0553914 0.625291
0 0.0565561 0.622977 0.113112 0.112047 0.607968
0 0.849396 0.356556 0.0649303 0.0590759 0.569409
0 0.0326755 0.464165 0.0653511 0.0816368 0.561475
0 0.466846 0.575421 0.133543 0.118148 0.552075
