0 0.378794 0.520404 0.11334 0.0914728 0.824385
0 0.718718 0.535001 0.124675 0.0981381 0.82318
0 0.541315 0.518217 0.112169 0.105192 0.822703
0 0.261911 0.454016 0.103843 0.0886317 0.803181
0 0.163819 0.470154 0.0952144 0.0806395 0.794093
0 0.123935 0.365063 0.0799782 0.068981 0.781633
0 0.0386908 0.338655 0.0772389 0.0704683 0.754419
0 0.803659 0.341962 0.0834839 0.0799923 0.731589
0 0.230945 0.657348 0.125056 0.103781 0.729483
0 0.212653 0.386112 0.077018 0.0688029 0.644036
0 0.125595 0.641105 0.12244 0.0920084 0.519438
