0 0.364832 0.517788 0.1078 0.0904819 0.812057
0 0.0952122 0.47972 0.100495 0.0885793 0.794476
0 0.283584 0.462011 0.0960925 0.0856922 0.791672
0 0.183654 0.381546 0.0842176 0.0725028 0.775198
0 0.785609 0.35519 0.06364 0.0570468 0.740648
0 0.850194 0.357725 0.0635376 0.0629712 0.718631
0 0.654845 0.554644 0.116482 0.0976343 0.673369
0 0.209189 0.664632 0.12841 0.10342 0.672576
0 0.0568616 0.623428 0.113604 0.113082 0.647583
0 0.2461 0.367697 0.0808601 0.0779673 0.583187
0 0.0299829 0.426856 0.0599658 0.0754517 0.524466
