0 0.73543 0.536334 0.109958 0.10444 0.827624
0 0.279451 0.383089 0.0884969 0.0715995 0.802203
0 0.0918609 0.415266 0.0869843 0.0732466 0.800112
0 0.0693097 0.609828 0.138619 0.133763 0.791869
0 0.369633 0.500517 0.111451 0.092067 0.791483
0 0.367643 0.365066 0.0862275 0.071262 0.784468
0 0.65332 0.420503 0.100888 0.069054 0.772573
0 0.263602 0.3196 0.0833994 0.0688963 0.768907
0 0.857383 0.353464 0.0701691 0.0763735 0.768782
0 0.0921369 0.298717 0.0611356 0.0570793 0.604236
0 0.0479194 0.252358 0.0652677 0.0558319 0.583049
0 0.696188 0.373652 0.0768925 0.0682509 0.563985
0 0.190674 0.667715 0.125426 0.100365 0.537418
