0 0.130409 0.486511 0.103641 0.0878558 0.815766
0 0.0478472 0.395311 0.088714 0.0865181 0.805841
0 0.13416 0.643088 0.135445 0.0990023 0.799199
0 0.329992 0.539807 0.101014 0.102969 0.781175
0 0.716348 0.386634 0.0945578 0.0729216 0.780397
0 0.198459 0.387821 0.085521 0.0706206 0.775801
0 0.845286 0.3137 0.0650305 0.0625787 0.75358
0 0.244073 0.333289 0.0781094 0.0655919 0.724019
0 0.76624 0.33367 0.058312 0.0598106 0.711624
0 0.0564806 0.615622 0.112961 0.117671 0.685203
0 0.200475 0.288206 0.0665383 0.0520233 0.615107
0 0.799688 0.550703 0.127089 0.0927399 0.553673
