0 0.244501 0.802773 0.306847 0.385186 0.837191
0 0.527011 0.424545 0.125664 0.173153 0.801016
0 0.24884 0.59022 0.212801 0.255148 0.794215
0 0.357435 0.367309 0.136526 0.147319 0.759917
0 0.885084 0.395117 0.12225 0.115172 0.756975
0 0.589887 0.258007 0.0980773 0.0749591 0.748632
0 0.070984 0.67656 0.141621 0.248035 0.693017
0 0.114139 0.435067 0.146982 0.135061 0.661793
0 0.907689 0.276196 0.0664774 0.0560916 0.635124
0 0.461924 0.364478 0.113614 0.122592 0.597007
0 0.267333 0.376032 0.118255 0.124092 0.553185
0 0.730287 0.246701 0.0837228 0.065468 0.547435
