0 0.543647 0.485486 0.127077 0.106778 0.837567
0 0.139193 0.632869 0.123262 0.0999849 0.813913
0 0.185939 0.377161 0.112638 0.0890554 0.801145
0 0.0492509 0.365097 0.085536 0.0850531 0.797142
0 0.395688 0.367929 0.0968139 0.0767266 0.794966
0 0.127042 0.456888 0.0942378 0.075792 0.794207
0 0.774683 0.328528 0.0774979 0.0720859 0.785027
0 0.314777 0.511074 0.0930471 0.0738595 0.776318
0 0.851806 0.35923 0.0673622 0.0621489 0.770318
0 0.827245 0.581865 0.133448 0.113086 0.731903
0 0.267779 0.464894 0.0967521 0.0688378 0.718833
