0 0.485409 0.531131 0.154889 0.211157 0.838798
0 0.340501 0.512983 0.164438 0.191513 0.815817
0 0.183326 0.553573 0.180895 0.203474 0.785765
0 0.359124 0.294328 0.0752651 0.0773034 0.741582
0 0.242687 0.37927 0.11026 0.100339 0.730844
0 0.478457 0.29678 0.0750374 0.0736287 0.72109
0 0.613941 0.244118 0.0445722 0.0535475 0.628219
0 0.070886 0.577334 0.141378 0.212096 0.565147
0 0.661534 0.257315 0.0449871 0.0574721 0.563823
0 0.919694 0.29545 0.0671844 0.054292 0.560634
0 0.816851 0.239118 0.0642017 0.0540388 0.54737
