0 0.849769 0.46619 0.104504 0.0781104 0.805307
0 0.694723 0.392236 0.10808 0.0848584 0.803149
0 0.389827 0.367174 0.0923455 0.0761607 0.786785
0 0.278039 0.330637 0.0792017 0.0610328 0.776641
0 0.0505636 0.427883 0.100512 0.0923492 0.768295
0 0.12367 0.38521 0.0855707 0.081751 0.744915
0 0.856326 0.350837 0.0660076 0.0753079 0.737232
0 0.191835 0.293203 0.0748216 0.0597112 0.73258
0 0.156153 0.540191 0.115836 0.087753 0.700313
0 0.81308 0.342459 0.0581835 0.0645117 0.597862
0 0.0933304 0.594841 0.131602 0.0983553 0.590751
0 0.342528 0.327227 0.0749842 0.0566243 0.563048
0 0.077309 0.313955 0.0960588 0.0820014 0.536532
0 0.416844 0.320848 0.0802879 0.0666429 0.521342
