0 0.706805 0.409095 0.115104 0.0940574 0.821478
0 0.349008 0.441846 0.0984822 0.075664 0.782169
0 0.41333 0.55805 0.142465 0.11799 0.781334
0 0.143586 0.638159 0.134803 0.0981166 0.767105
0 0.261175 0.333086 0.0820698 0.0750623 0.766814
0 0.179986 0.503367 0.105225 0.0829313 0.759321
0 0.173122 0.403918 0.0830283 0.0701889 0.751057
0 0.621002 0.382282 0.0737169 0.0627122 0.748242
0 0.258403 0.491255 0.0899593 0.0782033 0.712673
0 0.518606 0.505993 0.11503 0.113815 0.579589
0 0.0877869 0.282812 0.073775 0.0589066 0.573818
0 0.0252853 0.387872 0.0505706 0.076093 0.512233
