0 0.311414 0.473607 0.109857 0.0807404 0.809694
0 0.727876 0.604838 0.103151 0.111093 0.778938
0 0.571562 0.467426 0.102434 0.0763616 0.775901
0 0.387381 0.37387 0.0864057 0.0643702 0.774117
0 0.312547 0.316061 0.075878 0.0658962 0.769983
0 0.224119 0.361405 0.0866236 0.0846409 0.76007
0 0.76238 0.53545 0.103468 0.0990485 0.756801
0 0.126774 0.50681 0.131482 0.100335 0.725584
0 0.119219 0.419414 0.0859535 0.0722356 0.695122
0 0.267649 0.290226 0.0777747 0.0579689 0.668674
0 0.607763 0.377047 0.0865757 0.0745459 0.586912
0 0.170662 0.316721 0.0722785 0.0642938 0.537193
0 0.678043 0.37399 0.0803755 0.0692655 0.532093
0 0.172267 0.402966 0.0816418 0.0826718 0.513118
