0 0.367326 0.502742 0.122662 0.0967609 0.838457
0 0.0880707 0.609304 0.120734 0.0937111 0.823222
0 0.243411 0.483986 0.109268 0.0872961 0.814385
0 0.768452 0.568021 0.0799196 0.10367 0.793935
0 0.754997 0.431027 0.0973091 0.073725 0.793165
0 0.645146 0.379834 0.104812 0.0901291 0.769104
0 0.142961 0.396826 0.0881247 0.0719387 0.76677
0 0.302606 0.338612 0.07338 0.0556661 0.740146
0 0.249722 0.363095 0.0923785 0.0918765 0.70016
0 0.821124 0.405455 0.0903405 0.0698235 0.670594
0 0.459019 0.336376 0.0744148 0.0586742 0.587354
0 0.206133 0.389683 0.0863138 0.0688483 0.555922
0 0.0625431 0.397746 0.0816261 0.0822589 0.539488
