0 0.57314 0.49338 0.113801 0.0898375 0.823644
0 0.0696648 0.609183 0.13933 0.134358 0.806656
0 0.279878 0.382282 0.0885668 0.071868 0.804801
0 0.816829 0.511595 0.108308 0.0891997 0.800838
0 0.0920321 0.415338 0.0867124 0.0731223 0.798522
0 0.36826 0.458109 0.136133 0.0953162 0.792577
0 0.857371 0.353815 0.0684822 0.0732613 0.786218
0 0.347316 0.309745 0.0753174 0.0626737 0.76896
0 0.666663 0.430052 0.0827118 0.0703698 0.768867
0 0.180515 0.524787 0.145569 0.120365 0.74244
0 0.701177 0.377259 0.0883963 0.0733319 0.728597
0 0.112041 0.290214 0.0742973 0.0556452 0.606544
