0 0.555477 0.515928 0.129057 0.105807 0.842441
0 0.742706 0.536502 0.127326 0.102267 0.838707
0 0.857695 0.347259 0.0685356 0.0741932 0.815948
0 0.657939 0.419838 0.108136 0.0872504 0.810078
0 0.14132 0.45557 0.100804 0.0800808 0.807431
0 0.0594299 0.398748 0.0859418 0.0729432 0.804905
0 0.384197 0.557003 0.129852 0.110898 0.790907
0 0.783012 0.427425 0.103691 0.0782728 0.782704
0 0.271225 0.459424 0.0912311 0.0763058 0.775753
0 0.0333355 0.461118 0.066671 0.0806817 0.673555
0 0.296222 0.4217 0.0971082 0.0839054 0.58708
