0 0.78781 0.543631 0.124385 0.107371 0.832941
0 0.67455 0.440119 0.105031 0.0702471 0.813505
0 0.316752 0.477577 0.106877 0.0854574 0.804484
0 0.790168 0.398665 0.0862824 0.0663632 0.78987
0 0.252774 0.395097 0.0893958 0.0805605 0.766593
0 0.0868433 0.416598 0.0848209 0.073784 0.759608
0 0.320678 0.381476 0.0934355 0.08458 0.740092
0 0.871881 0.3477 0.0664131 0.0734804 0.728216
0 0.235806 0.662316 0.135445 0.101506 0.716743
0 0.120203 0.639905 0.117101 0.0999785 0.708738
0 0.602039 0.410339 0.0933786 0.0659425 0.705026
0 0.452679 0.549187 0.147907 0.113331 0.639945
0 0.819868 0.340012 0.0588133 0.0605088 0.634251
0 0.0563605 0.312728 0.0788947 0.0735931 0.536783
