0 0.364881 0.337114 0.0886877 0.0713399 0.768699
0 0.243389 0.369679 0.0888524 0.0712492 0.749622
0 0.75574 0.389151 0.0964379 0.071765 0.746573
0 0.568301 0.398229 0.104896 0.0857441 0.705724
0 0.12525 0.378812 0.08094 0.0761837 0.70151
0 0.203403 0.288386 0.0713694 0.0546767 0.665208
0 0.856131 0.351285 0.0748993 0.0774928 0.66237
0 0.0374164 0.275676 0.0728687 0.0635056 0.647766
0 0.0303883 0.414541 0.0607766 0.0733588 0.640676
0 0.128965 0.288178 0.068038 0.0535337 0.62448
0 0.0796948 0.406791 0.0814421 0.0729026 0.620358
0 0.324884 0.30135 0.0722474 0.0524689 0.612558
