0 0.55938 0.536822 0.112451 0.089861 0.784006
0 0.7549 0.333168 0.0834419 0.0769331 0.779416
0 0.102241 0.35896 0.0802562 0.0682092 0.775981
0 0.851222 0.353794 0.0746161 0.0760989 0.76434
0 0.192647 0.354485 0.0759489 0.0747985 0.751247
0 0.406833 0.415545 0.118276 0.0869754 0.745956
0 0.182689 0.44217 0.078336 0.0774395 0.734723
0 0.126861 0.631093 0.163274 0.125671 0.693399
0 0.695512 0.637321 0.150647 0.134702 0.646051
0 0.329596 0.390908 0.0843395 0.0717602 0.604537
0 0.21206 0.673847 0.128256 0.09701 0.524842
