0 0.770798 0.442973 0.116827 0.0850902 0.818997
0 0.326928 0.361756 0.0856303 0.0646235 0.780476
0 0.532475 0.497035 0.112672 0.0919303 0.771178
0 0.612708 0.459849 0.105463 0.0891492 0.759361
0 0.168631 0.481589 0.141434 0.110795 0.724988
0 0.336261 0.309561 0.0774982 0.0561862 0.716543
0 0.239577 0.319078 0.0739861 0.0566154 0.633239
0 0.851171 0.350964 0.0727848 0.0696571 0.591088
0 0.223738 0.530416 0.144251 0.105292 0.583168
0 0.867706 0.409138 0.104696 0.0797457 0.556798
0 0.217766 0.366943 0.0786155 0.0707428 0.528719
0 0.0983599 0.414803 0.0891082 0.0734239 0.52083
0 0.144305 0.393208 0.0967939 0.0843151 0.515893
