0 0.101104 0.599269 0.126006 0.106266 0.839694
0 0.714755 0.503995 0.131966 0.0996117 0.810282
0 0.548556 0.472257 0.0984295 0.0699253 0.793756
0 0.368327 0.368333 0.0880241 0.067157 0.789161
0 0.262661 0.320993 0.0774255 0.0664877 0.780474
0 0.0393179 0.431687 0.0786359 0.0772344 0.758549
0 0.234501 0.502638 0.121806 0.0813641 0.756565
0 0.86272 0.41252 0.0936251 0.0722443 0.743653
0 0.13338 0.392418 0.0774292 0.074587 0.73288
0 0.676742 0.428885 0.0991744 0.0763553 0.681871
0 0.253629 0.314674 0.0952964 0.0736293 0.654146
0 0.21999 0.282335 0.0671618 0.0530944 0.627684
0 0.0730306 0.403689 0.0850771 0.0838162 0.500391
