2 0.750749 0.353632 0.257508 0.166534 0.822775
0 0.424655 0.570007 0.122635 0.0996138 0.801303
0 0.044103 0.461587 0.0882059 0.0796319 0.778642
0 0.243867 0.482996 0.0978915 0.0799666 0.772028
0 0.254869 0.363009 0.0818174 0.080088 0.771075
0 0.888092 0.560291 0.136484 0.121969 0.758408
0 0.333538 0.352695 0.0778876 0.0698868 0.736319
0 0.303863 0.462229 0.0955155 0.077773 0.733938
0 0.828066 0.439083 0.105425 0.075021 0.733011
0 0.0446128 0.630114 0.0892255 0.0910992 0.695713
0 0.530408 0.548295 0.125511 0.110396 0.661194
0 0.0335865 0.384364 0.067173 0.0765085 0.586546
