0 0.250829 0.799384 0.285811 0.383749 0.846781
0 0.650827 0.528429 0.142344 0.212617 0.812104
0 0.813915 0.391764 0.111424 0.131206 0.788119
0 0.406889 0.400518 0.127642 0.14789 0.778543
0 0.522088 0.389004 0.10933 0.139395 0.762209
0 0.124969 0.718713 0.247632 0.350336 0.730864
0 0.318563 0.379347 0.137333 0.145355 0.605978
0 0.642135 0.219341 0.0719978 0.0573675 0.563455
0 0.92468 0.327236 0.101194 0.0896741 0.547568
0 0.789583 0.221399 0.0702358 0.0552475 0.538174
0 0.408909 0.206912 0.057642 0.0408492 0.532189
