0 0.0613491 0.616408 0.122262 0.093613 0.836295
0 0.287511 0.377818 0.0871855 0.0660675 0.81316
0 0.0711186 0.398609 0.0828767 0.0784822 0.781803
0 0.610465 0.490328 0.121583 0.0872945 0.761956
0 0.36857 0.361766 0.0842306 0.0691913 0.761866
0 0.753409 0.383028 0.0884144 0.0701601 0.754413
0 0.129493 0.38679 0.0770327 0.0694363 0.719856
0 0.57698 0.410718 0.0933949 0.0623802 0.673863
0 0.0187349 0.446758 0.0374699 0.0718111 0.56827
0 0.885224 0.431414 0.10227 0.0725233 0.556073
0 0.340518 0.317849 0.0772816 0.0521677 0.542877
