0 0.0714314 0.469039 0.105704 0.101175 0.80711
0 0.236912 0.652585 0.131286 0.111107 0.805209
0 0.0697758 0.610471 0.139439 0.132127 0.799133
0 0.805387 0.553599 0.127404 0.101702 0.794891
0 0.128782 0.391221 0.0827448 0.0731257 0.792565
0 0.280504 0.381702 0.089159 0.0728658 0.777001
0 0.544748 0.524168 0.114026 0.0937928 0.765006
0 0.409459 0.340484 0.0780436 0.060784 0.759509
0 0.857122 0.352884 0.0700321 0.07647 0.745877
0 0.181852 0.374994 0.0806001 0.0799271 0.7281
0 0.762184 0.336761 0.0662706 0.06115 0.722309
0 0.869258 0.464218 0.114693 0.0845853 0.678716
0 0.180976 0.305167 0.0719402 0.0593259 0.64492
