0 0.74043 0.399576 0.104899 0.0756631 0.768642
0 0.106258 0.410767 0.0833454 0.0674694 0.762315
0 0.228101 0.358992 0.0925987 0.0808533 0.740949
0 0.403646 0.318897 0.0759213 0.0558906 0.729893
0 0.866986 0.348198 0.066956 0.0623042 0.713846
0 0.229179 0.524347 0.130171 0.0893812 0.696089
0 0.0390894 0.423775 0.0764949 0.0760823 0.688288
0 0.149701 0.382554 0.0857247 0.0843877 0.664029
0 0.555541 0.397294 0.10357 0.0797804 0.578246
0 0.195286 0.313317 0.0752923 0.0561522 0.544507
0 0.700726 0.371514 0.0918635 0.0664154 0.504689
