0 0.366418 0.518908 0.115266 0.0939184 0.811756
0 0.102375 0.486318 0.0998483 0.0837953 0.800555
0 0.183996 0.382245 0.0834343 0.0727634 0.757418
0 0.304293 0.347475 0.0833645 0.068765 0.740348
0 0.732811 0.658407 0.140248 0.113061 0.716714
0 0.134227 0.426106 0.0895319 0.0744143 0.701166
0 0.208441 0.664454 0.127745 0.103913 0.699494
0 0.245185 0.368764 0.0797012 0.0779983 0.690087
0 0.784763 0.353974 0.0630569 0.0583271 0.689015
0 0.850396 0.358183 0.0652729 0.0631716 0.688357
0 0.0562298 0.62315 0.112215 0.110704 0.628913
