0 0.0619254 0.46143 0.10235 0.099554 0.818241
0 0.213705 0.445403 0.100153 0.0808753 0.803875
0 0.0580998 0.366006 0.0865804 0.0833425 0.787995
0 0.240624 0.368573 0.0760489 0.0676439 0.758181
0 0.40357 0.455615 0.0949613 0.0817421 0.754476
0 0.261419 0.310668 0.0733875 0.0574204 0.704761
0 0.877612 0.342241 0.0783493 0.0809811 0.687204
0 0.467213 0.540922 0.125593 0.107073 0.598732
0 0.0597695 0.615642 0.119539 0.105328 0.552674
0 0.554591 0.519898 0.110587 0.0740406 0.537002
0 0.762651 0.544497 0.117651 0.0927856 0.513757
