0 0.730609 0.429419 0.104419 0.0814222 0.818989
0 0.0935986 0.480412 0.0958436 0.0916454 0.817571
0 0.229773 0.395334 0.0883944 0.0760223 0.775113
0 0.618286 0.401168 0.10757 0.0840793 0.749231
0 0.785466 0.354057 0.0627363 0.0587825 0.674015
0 0.208446 0.664681 0.127968 0.105351 0.663814
0 0.849674 0.357653 0.0625034 0.0621156 0.658172
0 0.0652782 0.321804 0.0710223 0.0670269 0.625175
0 0.0571932 0.622422 0.114386 0.112581 0.606105
0 0.156625 0.456208 0.0967039 0.0895365 0.598499
0 0.539586 0.493089 0.103544 0.084419 0.582916
0 0.608432 0.546012 0.114597 0.0946992 0.508222
