0 0.0916925 0.415182 0.0853731 0.0739002 0.812656
0 0.279645 0.382157 0.0883658 0.0712674 0.77936
0 0.355424 0.323639 0.0804907 0.0702401 0.773428
0 0.669961 0.497787 0.111469 0.0856189 0.766293
0 0.852072 0.466002 0.11076 0.0804424 0.7601
0 0.0699173 0.610299 0.139358 0.123629 0.752536
0 0.251999 0.31421 0.0889051 0.0751062 0.73253
0 0.190394 0.483964 0.142467 0.113157 0.719022
0 0.79212 0.296045 0.0791392 0.0669893 0.594661
0 0.857444 0.35234 0.0701565 0.0713233 0.535468
0 0.0619859 0.292953 0.0654611 0.0571896 0.533418
