0 0.340865 0.67365 0.266762 0.390209 0.874732
0 0.70348 0.494191 0.143394 0.191897 0.826592
0 0.852099 0.385991 0.104947 0.117871 0.788383
0 0.535006 0.400104 0.112244 0.140467 0.782713
0 0.0754529 0.513573 0.149679 0.153165 0.755479
0 0.306058 0.383454 0.148935 0.14927 0.750785
0 0.427182 0.379966 0.131226 0.159336 0.748999
0 0.0573066 0.679257 0.114216 0.242098 0.67329
0 0.0666818 0.403007 0.0962994 0.106683 0.630271
0 0.552699 0.195274 0.0401084 0.0512358 0.576554
0 0.910109 0.30548 0.0987705 0.0908279 0.531627
0 0.430458 0.832798 0.291593 0.319611 0.502884
