0 0.294053 0.498563 0.108676 0.0899789 0.806392
0 0.105295 0.48461 0.0939147 0.0880756 0.802813
0 0.352158 0.45524 0.0930064 0.0737605 0.770672
0 0.183497 0.381456 0.0839754 0.0756449 0.770551
0 0.0854449 0.350085 0.0767274 0.0749673 0.734067
0 0.850054 0.358506 0.064875 0.0638572 0.707472
0 0.208563 0.664952 0.127223 0.106191 0.702699
0 0.784873 0.354239 0.0632485 0.0598536 0.69722
0 0.246035 0.368634 0.0813094 0.0796356 0.673751
0 0.521237 0.556192 0.111371 0.0900348 0.606462
0 0.0567871 0.622801 0.113485 0.111836 0.595248
0 0.827825 0.592917 0.129313 0.0989732 0.526979
