0 0.132486 0.461175 0.0912613 0.0763558 0.829778
0 0.103599 0.640004 0.169265 0.120328 0.802799
0 0.225392 0.362546 0.099201 0.082863 0.793013
0 0.806526 0.555329 0.128405 0.101209 0.782475
0 0.0579051 0.403822 0.0810193 0.0741653 0.754658
0 0.254882 0.458265 0.0961419 0.0747155 0.752464
0 0.633933 0.545647 0.149399 0.120733 0.749608
0 0.373093 0.521012 0.105598 0.0852033 0.74956
0 0.14767 0.401464 0.0783868 0.0660811 0.731147
0 0.299722 0.536108 0.107413 0.100536 0.658474
0 0.412595 0.458635 0.110684 0.0885546 0.622314
