0 0.0578991 0.622825 0.115308 0.111935 0.807829
0 0.383056 0.331609 0.0806605 0.0681088 0.804671
0 0.591251 0.492474 0.113735 0.103732 0.794745
0 0.641727 0.389842 0.0893429 0.0672711 0.782127
0 0.147069 0.498404 0.099825 0.0833847 0.770717
0 0.239726 0.452929 0.101026 0.0805271 0.769807
0 0.115324 0.391382 0.084601 0.0721739 0.753064
0 0.850121 0.358503 0.0657539 0.0633894 0.699951
0 0.785151 0.354369 0.0628208 0.0594637 0.69159
0 0.18331 0.380759 0.0805986 0.0710593 0.646718
0 0.208059 0.664434 0.129339 0.105536 0.641552
0 0.245705 0.366331 0.0792121 0.074212 0.594264
