0 0.802628 0.458019 0.104806 0.0754037 0.801837
0 0.851622 0.352278 0.0738823 0.0744831 0.752557
0 0.710298 0.386005 0.0890238 0.0656094 0.742939
0 0.267945 0.33457 0.092145 0.0700559 0.732514
0 0.154012 0.537498 0.130091 0.106152 0.713991
0 0.251059 0.478745 0.114453 0.091567 0.694933
0 0.600297 0.394388 0.0882514 0.0724965 0.665625
0 0.490158 0.333544 0.0929218 0.0768698 0.660698
0 0.52165 0.495044 0.105127 0.0883324 0.649876
0 0.101801 0.415548 0.0818326 0.0724191 0.601021
0 0.143347 0.393069 0.0956917 0.0836145 0.568046
