0 0.129636 0.394647 0.0860739 0.0750962 0.806889
0 0.71901 0.41881 0.102362 0.0807756 0.804821
0 0.086015 0.617893 0.110699 0.084795 0.788681
0 0.811285 0.416007 0.0997907 0.0808184 0.774321
0 0.343377 0.361502 0.0837571 0.0662677 0.74564
0 0.0320285 0.356901 0.064057 0.0796607 0.738784
0 0.0482138 0.43666 0.0784254 0.0659525 0.728847
0 0.817168 0.329203 0.0781727 0.0903235 0.707508
0 0.59508 0.359095 0.0881199 0.0708083 0.636768
0 0.753161 0.333194 0.072818 0.0737026 0.609271
0 0.325904 0.318863 0.0965538 0.0810325 0.557456
