0 0.74538 0.521626 0.120536 0.0929626 0.810346
0 0.744442 0.408787 0.0988889 0.0715983 0.760043
0 0.852338 0.349638 0.0728619 0.076307 0.748491
0 0.0873519 0.515501 0.143789 0.112307 0.742432
0 0.344911 0.357238 0.0861453 0.0709225 0.742334
0 0.416231 0.357589 0.0696635 0.0615604 0.642951
0 0.470823 0.323548 0.0971848 0.0867107 0.57616
0 0.157148 0.298045 0.0685725 0.0539018 0.556935
0 0.217201 0.284062 0.066369 0.0532231 0.556284
0 0.314504 0.317684 0.0710342 0.0529839 0.506486
0 0.142058 0.391837 0.0882723 0.0867359 0.501731
