0 0.588278 0.501625 0.109397 0.0905505 0.812153
0 0.0674537 0.605709 0.12956 0.115552 0.798766
0 0.097091 0.416799 0.0912007 0.0778498 0.795618
0 0.779308 0.578797 0.117477 0.102363 0.75847
0 0.209349 0.416993 0.0907616 0.0744071 0.757575
0 0.42039 0.532124 0.107167 0.0887482 0.724292
0 0.861863 0.350193 0.068607 0.0731997 0.714598
0 0.440334 0.330513 0.0791215 0.0653622 0.691273
0 0.230567 0.368409 0.0826344 0.0730581 0.66045
0 0.281108 0.529564 0.11627 0.107345 0.615738
0 0.197552 0.668719 0.126924 0.102 0.503562
