0 0.278273 0.488362 0.104778 0.0953861 0.82167
0 0.39371 0.373201 0.0789451 0.0652423 0.810403
0 0.209941 0.40771 0.0995003 0.0918781 0.800011
0 0.382115 0.56106 0.111866 0.0901103 0.789965
0 0.0447701 0.369695 0.0854565 0.0764347 0.77798
0 0.863416 0.34963 0.0731365 0.0784064 0.759558
0 0.1603 0.319381 0.0712318 0.0587604 0.739629
0 0.113133 0.648521 0.129414 0.0984851 0.734688
0 0.699212 0.60369 0.129535 0.10407 0.700769
0 0.601587 0.379528 0.0856916 0.0654156 0.66638
0 0.887192 0.474758 0.102175 0.0764821 0.64686
