0 0.246495 0.802803 0.301771 0.377399 0.832856
0 0.527417 0.424252 0.126831 0.173928 0.813361
0 0.0696763 0.571856 0.139329 0.195471 0.809967
0 0.247285 0.586683 0.214184 0.249376 0.784202
0 0.35704 0.368246 0.134074 0.144283 0.737889
0 0.604451 0.229518 0.0766022 0.0561591 0.706181
0 0.456692 0.244209 0.0829042 0.0677434 0.66421
0 0.9076 0.276131 0.0662679 0.0543885 0.642663
0 0.11349 0.433511 0.149527 0.136772 0.585417
0 0.463499 0.364389 0.114964 0.12274 0.577958
0 0.78756 0.216864 0.0607412 0.0521679 0.533448
0 0.655964 0.200152 0.0596752 0.0482471 0.50767
