0 0.317946 0.309366 0.0800456 0.0685641 0.816349
0 0.101327 0.599769 0.127306 0.105002 0.813486
0 0.11298 0.488014 0.101276 0.0862027 0.803683
0 0.619407 0.397931 0.0921543 0.0778105 0.79879
0 0.22166 0.475819 0.104685 0.0974923 0.796346
0 0.730462 0.606519 0.132071 0.117335 0.783857
0 0.412525 0.354084 0.0692045 0.0610991 0.77123
0 0.146929 0.391251 0.0834091 0.0789948 0.766878
0 0.744538 0.445791 0.10055 0.0726335 0.764545
0 0.759177 0.540768 0.123009 0.0955353 0.729317
0 0.822783 0.313832 0.0662904 0.0725686 0.724758
2 0.149751 0.246835 0.23279 0.135118 0.717417
0 0.200537 0.328716 0.0756872 0.0582308 0.71502
0 0.715226 0.399619 0.0921257 0.0631312 0.677908
0 0.504317 0.520715 0.117071 0.0943454 0.593096
