0 0.209113 0.626132 0.228813 0.273908 0.828763
0 0.521154 0.399688 0.120748 0.157531 0.817418
0 0.410617 0.389683 0.142616 0.165489 0.786755
0 0.824694 0.390249 0.110741 0.121517 0.774442
0 0.515572 0.231896 0.0789095 0.0635305 0.746595
0 0.253963 0.42513 0.155321 0.152938 0.686714
0 0.663257 0.229684 0.0870541 0.0746543 0.673178
0 0.0725801 0.642426 0.145099 0.224642 0.662703
0 0.431521 0.211885 0.0668766 0.0585203 0.630883
0 0.879842 0.302421 0.0904311 0.0779157 0.605391
0 0.790453 0.220737 0.0633296 0.0555809 0.531835
