0 0.661044 0.508187 0.120295 0.10484 0.799255
0 0.381931 0.558703 0.123896 0.0966963 0.79333
0 0.245392 0.364762 0.0838613 0.0774713 0.777164
0 0.0872403 0.475001 0.0829624 0.0791748 0.763606
0 0.133014 0.641382 0.124416 0.0838053 0.74384
0 0.410516 0.367986 0.0998236 0.0726261 0.732766
0 0.0721605 0.397576 0.0964867 0.0797295 0.728986
0 0.874178 0.456438 0.121521 0.090242 0.687008
0 0.601909 0.385606 0.117662 0.0807538 0.656236
0 0.273147 0.287846 0.0765746 0.0591369 0.634231
0 0.7256 0.645581 0.133408 0.123054 0.632368
0 0.087926 0.605627 0.131061 0.0882068 0.542009
0 0.358706 0.326537 0.0679838 0.0564767 0.531059
0 0.134115 0.454448 0.0787488 0.0659855 0.502699
