0 0.526955 0.424394 0.127245 0.174917 0.818151
0 0.0693172 0.573374 0.138587 0.193656 0.81075
0 0.35761 0.369466 0.134837 0.146553 0.770706
0 0.62354 0.213144 0.0700434 0.0493564 0.677641
0 0.82732 0.250403 0.0745659 0.0652626 0.560027
0 0.0975353 0.447662 0.154752 0.142468 0.554352
0 0.778101 0.280506 0.0474299 0.0719709 0.547398
0 0.461738 0.365288 0.113506 0.12103 0.540198
0 0.266374 0.377656 0.118216 0.125531 0.538496
0 0.54013 0.190142 0.0539357 0.0391757 0.53038
0 0.325236 0.256817 0.0739224 0.0636012 0.50029
