0 0.155264 0.391687 0.0771657 0.0707397 0.758857
0 0.737125 0.423897 0.0953049 0.0642902 0.755919
0 0.236936 0.357943 0.0865672 0.0860231 0.749045
0 0.0865108 0.406449 0.0803768 0.0736304 0.731127
0 0.302474 0.34722 0.0838596 0.0638274 0.720892
0 0.66832 0.390625 0.0884439 0.0658361 0.720198
0 0.790766 0.393952 0.0931694 0.0669811 0.710771
0 0.130271 0.300174 0.0781059 0.0638584 0.679526
0 0.0517004 0.363792 0.0845363 0.0656079 0.58296
0 0.624435 0.30127 0.0773813 0.0577924 0.568343
0 0.281338 0.305824 0.0784001 0.0539548 0.566461
