0 0.816943 0.413013 0.122573 0.0909801 0.818705
0 0.30673 0.317209 0.0779504 0.0605808 0.760544
0 0.184407 0.375552 0.0832071 0.0824691 0.742873
0 0.236978 0.66241 0.136124 0.1017 0.734994
0 0.0788362 0.443468 0.0902822 0.0830962 0.705671
0 0.121417 0.640958 0.115376 0.0999989 0.678195
0 0.0588976 0.344835 0.0781247 0.0681495 0.661183
0 0.245771 0.453054 0.0977776 0.0789556 0.651878
0 0.755879 0.660839 0.124518 0.108111 0.584001
0 0.278333 0.528861 0.106977 0.0984694 0.579878
0 0.87101 0.347392 0.068037 0.0736033 0.571182
0 0.835986 0.54769 0.136515 0.110005 0.510395
