0 0.727983 0.542758 0.119642 0.0918179 0.811424
0 0.670487 0.409504 0.0927433 0.0753822 0.799701
0 0.407048 0.570731 0.111635 0.095549 0.794451
0 0.852641 0.351557 0.0724049 0.0791148 0.791523
0 0.31129 0.496192 0.113997 0.101742 0.78362
0 0.238504 0.662477 0.127188 0.100127 0.754861
0 0.761396 0.336935 0.0659626 0.0619746 0.742401
0 0.0756135 0.606862 0.12421 0.10475 0.72748
0 0.44312 0.341847 0.0861094 0.0743708 0.70828
0 0.197326 0.506707 0.109448 0.0938807 0.653138
0 0.206814 0.379981 0.0925342 0.0865455 0.628717
0 0.0551378 0.376193 0.0730979 0.0671569 0.619743
0 0.105737 0.358222 0.0679545 0.0681617 0.599809
0 0.323777 0.436865 0.0990421 0.0902554 0.586473
