0 0.0947507 0.478467 0.108626 0.101405 0.80084
0 0.359836 0.348514 0.0825951 0.0643602 0.774348
0 0.25895 0.492353 0.105648 0.0837282 0.766939
0 0.683543 0.521872 0.121045 0.0895464 0.72133
0 0.753621 0.580027 0.11832 0.0957484 0.704899
0 0.402362 0.491518 0.0952502 0.0840227 0.685429
0 0.757046 0.333177 0.076495 0.072638 0.660726
0 0.874218 0.447787 0.113074 0.0868432 0.633762
0 0.856411 0.351148 0.0647102 0.0751501 0.63071
0 0.0931648 0.593936 0.131345 0.0991531 0.614184
0 0.252109 0.420432 0.0813318 0.0783281 0.581335
0 0.0893259 0.410386 0.0874144 0.0725086 0.567239
0 0.344739 0.284795 0.0738742 0.049366 0.558027
