0 0.622576 0.49834 0.11623 0.106087 0.811199
0 0.133666 0.491636 0.102583 0.0802649 0.800455
0 0.377635 0.366867 0.0845689 0.0614853 0.791693
0 0.733933 0.415838 0.0962639 0.0775488 0.786787
0 0.0482164 0.426258 0.0807718 0.072955 0.760347
0 0.23078 0.357365 0.0909399 0.0801403 0.752813
0 0.866434 0.349239 0.0672102 0.0637151 0.721162
0 0.249874 0.479853 0.0916525 0.0807975 0.684982
0 0.267191 0.422124 0.0901733 0.067798 0.680365
0 0.102409 0.403346 0.085683 0.0757343 0.607791
0 0.150651 0.289718 0.069588 0.0568239 0.512757
