0 0.32934 0.753528 0.264777 0.389008 0.8824
0 0.787545 0.445231 0.123961 0.151802 0.823473
0 0.518019 0.473814 0.135832 0.178501 0.813891
0 0.180693 0.698677 0.243492 0.319998 0.783441
0 0.438824 0.409893 0.127227 0.147241 0.757852
0 0.287238 0.448995 0.154982 0.14812 0.75783
0 0.507116 0.244566 0.0752659 0.0626987 0.747365
0 0.123763 0.520174 0.151276 0.157977 0.730363
0 0.566967 0.239051 0.0670563 0.0537527 0.632505
0 0.317168 0.263286 0.0581227 0.0491116 0.554281
0 0.931897 0.319442 0.0828363 0.0655404 0.538181
