0 0.109994 0.479383 0.108359 0.0996086 0.814017
0 0.706274 0.429299 0.101332 0.076995 0.793902
0 0.286004 0.431846 0.094479 0.0869032 0.791951
0 0.0929654 0.325662 0.0843617 0.08546 0.775578
0 0.855982 0.381831 0.0835686 0.0787222 0.721661
0 0.20864 0.664243 0.127916 0.104239 0.699884
0 0.618062 0.409614 0.0906961 0.0682532 0.698516
0 0.785591 0.353673 0.0639261 0.0582643 0.681751
0 0.0584838 0.622676 0.116968 0.110034 0.625231
0 0.15854 0.430466 0.0848108 0.0818834 0.614339
0 0.494098 0.433552 0.103408 0.0759752 0.606058
