0 0.198766 0.384018 0.077532 0.0753251 0.779739
0 0.867117 0.357452 0.0660729 0.0678359 0.768292
0 0.120845 0.452614 0.0933933 0.0860784 0.718669
0 0.202447 0.648808 0.165886 0.150788 0.685441
0 0.388399 0.5625 0.111759 0.0945279 0.665267
0 0.109228 0.349488 0.0825904 0.0808848 0.633436
0 0.75957 0.326557 0.0827891 0.0879934 0.616002
0 0.077688 0.599316 0.116423 0.100729 0.52016
0 0.476986 0.552444 0.109907 0.0928466 0.515455
0 0.412146 0.492687 0.0873508 0.0826201 0.513941
0 0.0297468 0.335546 0.0594936 0.0700038 0.504032
