0 0.807005 0.460344 0.101836 0.0740769 0.815545
0 0.398581 0.374413 0.078461 0.0636895 0.774338
0 0.0548356 0.424073 0.0928767 0.0924513 0.763767
0 0.32778 0.340614 0.0789434 0.061843 0.747907
0 0.0426991 0.571773 0.0853981 0.118622 0.743431
0 0.82974 0.399835 0.100101 0.0794132 0.725086
0 0.728103 0.425596 0.0877502 0.0682225 0.702427
0 0.134188 0.309025 0.0691571 0.0588245 0.677111
0 0.208548 0.294176 0.0716956 0.0576711 0.650445
0 0.589954 0.36097 0.0836479 0.0620232 0.60173
0 0.213044 0.503125 0.110222 0.0882497 0.600496
