0 0.861554 0.546677 0.103917 0.11738 0.829425
0 0.0909995 0.408114 0.0862503 0.0847167 0.772273
0 0.355507 0.358997 0.0817935 0.0832897 0.752753
0 0.153302 0.395692 0.0830464 0.0797639 0.741795
0 0.810793 0.34572 0.0677805 0.0684337 0.712145
0 0.125165 0.62311 0.186068 0.149689 0.707415
0 0.210572 0.386917 0.0864465 0.0749676 0.689449
0 0.26698 0.372705 0.0895498 0.0823505 0.669145
0 0.430374 0.413414 0.0476867 0.0690536 0.64666
0 0.0237324 0.42287 0.0474648 0.0766198 0.621017
0 0.215801 0.665212 0.107065 0.0951123 0.500581
