0 0.694257 0.502552 0.134506 0.0986906 0.793408
0 0.711003 0.604474 0.0955917 0.105988 0.763774
0 0.61884 0.399439 0.0923421 0.0756444 0.753972
0 0.833861 0.407429 0.0963867 0.0743764 0.74622
0 0.104164 0.520796 0.111023 0.0908071 0.719008
0 0.41663 0.341564 0.0788285 0.0601791 0.701648
0 0.0441922 0.425258 0.0849859 0.0874517 0.670037
0 0.183592 0.306164 0.0693393 0.0596968 0.608136
0 0.15598 0.39626 0.0824988 0.0752806 0.568319
0 0.0966517 0.409635 0.0942263 0.0924442 0.554059
0 0.493242 0.339129 0.0707356 0.0580312 0.527905
0 0.0996015 0.304387 0.070712 0.0550383 0.52355
