0 0.077148 0.609015 0.126251 0.11001 0.822737
0 0.812701 0.532349 0.120425 0.103352 0.78549
0 0.0914658 0.412683 0.0871294 0.0788998 0.772601
0 0.365072 0.36771 0.0843582 0.0635981 0.753377
0 0.766642 0.407124 0.0874971 0.0721595 0.750406
0 0.451351 0.318537 0.096452 0.081458 0.685434
0 0.204572 0.380995 0.0984582 0.0897959 0.667131
0 0.210499 0.498068 0.116834 0.0894281 0.655504
0 0.761916 0.480969 0.104537 0.0755838 0.633424
0 0.309325 0.331436 0.0743204 0.0630743 0.607791
0 0.0250685 0.358944 0.050137 0.0693453 0.580545
