0 0.200801 0.476956 0.101271 0.0858583 0.801157
0 0.134662 0.642565 0.135478 0.0993831 0.797072
0 0.197793 0.3863 0.0827247 0.0696946 0.792709
0 0.283003 0.463179 0.099487 0.0773609 0.770929
0 0.0924264 0.412702 0.0836137 0.0708561 0.750788
0 0.765109 0.333954 0.0596804 0.0608397 0.730053
0 0.057615 0.616183 0.11523 0.111539 0.720556
0 0.844213 0.414756 0.0854321 0.0640334 0.711331
0 0.305804 0.542298 0.110683 0.0919537 0.701391
0 0.58591 0.397822 0.0895144 0.0643195 0.696697
0 0.308651 0.325713 0.0968185 0.0770605 0.694064
0 0.845464 0.312529 0.0646698 0.0607981 0.676192
0 0.0538081 0.359689 0.0810262 0.0761335 0.6561
0 0.0351198 0.445748 0.0702395 0.101981 0.641727
0 0.46937 0.388086 0.0915821 0.0684202 0.518243
