0 0.727448 0.527043 0.121772 0.110647 0.833548
2 0.410698 0.534855 0.207376 0.190835 0.832781
0 0.236678 0.662081 0.135117 0.0999314 0.788668
0 0.139559 0.422491 0.093643 0.0830538 0.783872
0 0.622828 0.40036 0.0966796 0.0752002 0.775925
0 0.121673 0.641201 0.114078 0.0963109 0.761737
0 0.0774095 0.444197 0.0853644 0.0774999 0.73957
0 0.846842 0.4251 0.0895634 0.0672555 0.72306
0 0.128712 0.363717 0.0828377 0.0677088 0.651363
0 0.819336 0.340776 0.0590496 0.0618534 0.614399
0 0.452781 0.417629 0.094388 0.0748829 0.566393
