0 0.746508 0.611559 0.13103 0.105499 0.789224
0 0.683575 0.510311 0.12026 0.111589 0.781687
0 0.328745 0.330014 0.0927476 0.0743193 0.77529
0 0.854867 0.351211 0.073243 0.0740784 0.758337
0 0.243019 0.369798 0.0871155 0.0749062 0.753966
0 0.0520635 0.624646 0.104127 0.101732 0.716673
0 0.799418 0.321626 0.0670477 0.062462 0.712014
0 0.265367 0.267932 0.064842 0.0567261 0.693546
0 0.0247273 0.414389 0.0494486 0.0807765 0.604744
0 0.454363 0.377773 0.0833531 0.0708719 0.584835
0 0.492799 0.579704 0.146789 0.126513 0.560727
