0 0.319154 0.50363 0.103309 0.0933753 0.819012
0 0.0871058 0.414695 0.0918282 0.0782018 0.794084
0 0.212386 0.358246 0.0895346 0.0916386 0.777701
0 0.847652 0.41844 0.0889933 0.0725611 0.77736
0 0.635228 0.513903 0.112157 0.0959049 0.775621
0 0.687667 0.441842 0.10285 0.0710298 0.772366
0 0.742788 0.405391 0.0892295 0.0637075 0.71114
0 0.786142 0.353093 0.0618528 0.0588925 0.669945
0 0.208749 0.664123 0.128528 0.103747 0.651161
0 0.849328 0.356886 0.0659176 0.0614753 0.629549
0 0.0566327 0.62243 0.113265 0.112143 0.596195
0 0.464837 0.574528 0.130911 0.119016 0.586039
