0 0.378039 0.519893 0.113976 0.0915444 0.820041
0 0.718733 0.534245 0.124248 0.0989136 0.817087
0 0.541049 0.517656 0.113691 0.10387 0.795001
0 0.16352 0.470334 0.0956821 0.0823908 0.774836
0 0.262951 0.453533 0.101129 0.0907056 0.763222
0 0.803653 0.341108 0.0826866 0.0793245 0.755016
0 0.231259 0.657435 0.125621 0.106857 0.740933
0 0.123779 0.365038 0.0799777 0.0703619 0.722951
0 0.0386625 0.33797 0.075125 0.0687131 0.671205
0 0.125736 0.642011 0.121779 0.0927425 0.590297
0 0.884317 0.350727 0.0659813 0.0629903 0.56559
0 0.211463 0.38631 0.0742305 0.0660022 0.555818
