0 0.091847 0.415062 0.0864755 0.0747341 0.814251
0 0.7352 0.536119 0.110683 0.102684 0.810046
0 0.369255 0.500674 0.112986 0.0936587 0.807434
0 0.279446 0.382616 0.0880373 0.0703452 0.782096
0 0.0698234 0.608112 0.139585 0.136418 0.778641
0 0.653766 0.419405 0.100098 0.0693692 0.763901
0 0.368362 0.365759 0.0853801 0.0695604 0.757455
0 0.264383 0.320277 0.0829328 0.0684843 0.742032
0 0.857227 0.353293 0.0705488 0.0771424 0.734099
0 0.695676 0.373341 0.0777607 0.0698725 0.557972
0 0.0918584 0.299947 0.0615245 0.0559973 0.533158
