0 0.131239 0.486023 0.105175 0.0871196 0.823325
0 0.0475796 0.396219 0.0881533 0.0873198 0.811777
0 0.329204 0.541245 0.101571 0.100325 0.795334
0 0.716961 0.385801 0.095483 0.0742543 0.787476
0 0.134733 0.643079 0.136089 0.0997356 0.785885
0 0.197541 0.38658 0.083806 0.0715786 0.774757
0 0.245062 0.332667 0.0775686 0.0679672 0.731821
0 0.0573459 0.616182 0.114692 0.113611 0.681699
0 0.845533 0.312989 0.0650387 0.0620625 0.665593
0 0.765779 0.333095 0.0591387 0.0595338 0.619324
0 0.796182 0.549643 0.121919 0.0912554 0.551399
