0 0.246481 0.802491 0.302844 0.377516 0.819288
0 0.527127 0.424177 0.127051 0.17445 0.816842
0 0.247509 0.586956 0.214558 0.249313 0.76707
0 0.589746 0.258142 0.0963807 0.073821 0.753512
0 0.884014 0.393711 0.120868 0.116063 0.752613
0 0.0706133 0.675524 0.141227 0.247086 0.746089
0 0.357551 0.367725 0.135144 0.145288 0.718355
0 0.907673 0.276397 0.0672134 0.054725 0.65399
0 0.113723 0.433408 0.150175 0.137566 0.594552
0 0.729948 0.245856 0.0838228 0.0682619 0.555418
0 0.462817 0.363704 0.114661 0.121891 0.524955
