0 0.39544 0.367135 0.0973998 0.0773541 0.814425
0 0.14033 0.633216 0.123267 0.100241 0.797604
0 0.127583 0.45783 0.0933446 0.0759101 0.792804
0 0.315525 0.511258 0.0927257 0.0754006 0.788143
0 0.0482567 0.364377 0.0863537 0.0859433 0.781416
0 0.542828 0.484889 0.129334 0.104801 0.77342
0 0.774426 0.329418 0.0780694 0.0710288 0.759911
0 0.851668 0.358766 0.0667667 0.0624262 0.753802
0 0.186328 0.375946 0.111563 0.0891668 0.744902
0 0.270311 0.464892 0.101187 0.0712058 0.720305
0 0.826866 0.581925 0.134551 0.110854 0.64572
0 0.282121 0.423852 0.0977941 0.0773853 0.510305
