0 0.389736 0.366135 0.0928523 0.0766402 0.794152
0 0.694501 0.391778 0.109117 0.0847426 0.789281
0 0.851003 0.46561 0.106895 0.0792195 0.777856
0 0.277046 0.329266 0.0785306 0.0634162 0.746035
0 0.04996 0.428029 0.0999199 0.0884052 0.723531
0 0.855985 0.350589 0.0657673 0.0765232 0.701815
0 0.191775 0.293539 0.0728474 0.0581336 0.686926
0 0.092658 0.59258 0.132239 0.0931946 0.633435
0 0.123008 0.384235 0.0875185 0.0806307 0.628364
0 0.156708 0.539872 0.112223 0.0869091 0.596764
0 0.342385 0.327474 0.0683168 0.0566866 0.588187
