0 0.312131 0.474876 0.110269 0.0841961 0.779517
0 0.76046 0.535644 0.108573 0.100999 0.762401
0 0.125003 0.507007 0.131508 0.100449 0.759864
0 0.387229 0.373517 0.086918 0.0653937 0.745527
0 0.570554 0.467279 0.102243 0.0750924 0.739277
0 0.727745 0.605651 0.103319 0.110533 0.73648
0 0.312091 0.315962 0.077582 0.066192 0.719822
0 0.223917 0.362087 0.0865762 0.0833538 0.714178
0 0.119635 0.41879 0.0847654 0.0745338 0.682307
0 0.169742 0.316422 0.0721552 0.0629815 0.553866
0 0.679285 0.372908 0.0793031 0.0699212 0.528601
0 0.608192 0.376159 0.0872805 0.0766844 0.519104
