0 0.261608 0.332566 0.0823584 0.0727739 0.82528
0 0.349181 0.44265 0.0987016 0.0763275 0.806313
0 0.4142 0.558474 0.142203 0.120669 0.803725
0 0.70733 0.409432 0.115984 0.0937241 0.788765
0 0.145703 0.638724 0.128851 0.097573 0.751297
0 0.17683 0.503549 0.097358 0.0822895 0.7438
0 0.174287 0.403877 0.082857 0.0693988 0.74363
0 0.621521 0.381685 0.0749718 0.0634237 0.697074
0 0.258181 0.492269 0.091538 0.0759627 0.63822
0 0.518666 0.508779 0.117465 0.11108 0.624032
0 0.0883645 0.281554 0.0734245 0.0599575 0.585407
