0 0.367416 0.502127 0.122856 0.0987301 0.820751
0 0.0885747 0.609365 0.122453 0.0952006 0.808815
0 0.755568 0.430587 0.0966187 0.0710686 0.783507
0 0.24424 0.484236 0.109714 0.0879458 0.774351
0 0.768387 0.569628 0.0792221 0.101947 0.765637
0 0.143149 0.396387 0.0861706 0.0736539 0.754453
0 0.644976 0.379273 0.103699 0.0888221 0.746402
0 0.303082 0.337785 0.0720451 0.0560277 0.700628
0 0.248969 0.362824 0.0920116 0.0931706 0.670273
0 0.821677 0.406504 0.0903439 0.067865 0.626203
0 0.207191 0.390578 0.0813804 0.0679191 0.61696
0 0.460425 0.33569 0.0774382 0.0588165 0.541663
0 0.0316708 0.424532 0.0633416 0.0763701 0.525678
