0 0.252734 0.394826 0.0896746 0.0800036 0.820463
0 0.316553 0.47694 0.10726 0.0875724 0.793846
0 0.787416 0.543905 0.124051 0.108202 0.793839
0 0.675905 0.439801 0.10481 0.072318 0.786649
0 0.790781 0.398522 0.0866765 0.0674926 0.768112
0 0.237058 0.662537 0.13516 0.101673 0.737281
0 0.32113 0.380915 0.0934383 0.0828444 0.720037
0 0.121937 0.640442 0.113999 0.0984955 0.706697
0 0.0872196 0.41641 0.0828298 0.0722327 0.696789
0 0.871579 0.348354 0.0660027 0.0727382 0.664569
0 0.452934 0.548449 0.147891 0.116586 0.615971
0 0.602094 0.411336 0.0944597 0.0652868 0.606466
0 0.819174 0.339972 0.057792 0.0596279 0.569393
