0 0.741402 0.536736 0.129047 0.102829 0.823456
0 0.14068 0.456746 0.100977 0.0800912 0.815672
0 0.657933 0.419385 0.107824 0.0891191 0.805872
0 0.271035 0.45895 0.0919745 0.0769662 0.790599
0 0.554494 0.516576 0.131859 0.108065 0.783893
0 0.857137 0.347377 0.0681717 0.0742223 0.775801
0 0.0594084 0.398315 0.085048 0.0725474 0.775106
0 0.383847 0.556157 0.124569 0.111175 0.761346
0 0.783367 0.428878 0.10261 0.0749257 0.732358
0 0.0332421 0.460505 0.0658093 0.0782921 0.642836
0 0.296608 0.422865 0.098493 0.0845647 0.605273
