0 0.0921453 0.415483 0.0860609 0.0740195 0.814382
0 0.0698217 0.608966 0.139643 0.135608 0.796275
0 0.819875 0.511377 0.115329 0.0921748 0.796039
0 0.573404 0.493244 0.115497 0.0926844 0.779393
0 0.666666 0.429373 0.0835513 0.0711107 0.76719
0 0.279977 0.381541 0.0876799 0.0728199 0.760556
0 0.346897 0.310016 0.0744892 0.0623364 0.754251
0 0.85757 0.353414 0.0696287 0.075903 0.735395
0 0.700994 0.377047 0.0906591 0.0725035 0.711279
0 0.178912 0.523284 0.143102 0.11968 0.6962
0 0.372574 0.452223 0.145819 0.109378 0.651187
0 0.112264 0.29049 0.0720927 0.0545361 0.515752
