0 0.193081 0.35373 0.0764601 0.0750514 0.778277
0 0.559113 0.535735 0.112756 0.0895502 0.77495
0 0.754485 0.331717 0.0829109 0.0777931 0.764772
0 0.851495 0.353138 0.0738117 0.0775356 0.743293
0 0.102002 0.358008 0.0792925 0.0682187 0.737859
0 0.185286 0.441881 0.083882 0.0775666 0.721899
0 0.126095 0.630642 0.161891 0.125061 0.708711
0 0.406985 0.415359 0.116228 0.0873424 0.670727
0 0.33191 0.391749 0.0879844 0.0708793 0.608499
0 0.696729 0.637202 0.150891 0.137384 0.606885
0 0.212476 0.673736 0.128643 0.0975776 0.516154
