0 0.243343 0.370026 0.0883767 0.0716002 0.757313
0 0.755658 0.389525 0.0966049 0.0697824 0.753761
0 0.364179 0.337387 0.0870526 0.0714687 0.720976
0 0.124959 0.378645 0.0821568 0.0770901 0.717835
0 0.566727 0.397902 0.103952 0.0843866 0.668637
0 0.0307907 0.415694 0.0608724 0.0733172 0.640513
0 0.128256 0.288496 0.0669695 0.0527017 0.614857
0 0.0804926 0.407455 0.0786843 0.0702349 0.6128
0 0.203212 0.290619 0.0728711 0.0572776 0.607799
0 0.323981 0.301738 0.0686204 0.0519412 0.590874
0 0.855623 0.349539 0.0728661 0.0767447 0.565335
0 0.0192396 0.349379 0.0384654 0.0661713 0.523333
