0 0.770161 0.442016 0.118534 0.0852811 0.784871
0 0.326827 0.361272 0.0852512 0.0641055 0.771453
0 0.533293 0.496828 0.113292 0.0926767 0.749328
0 0.611825 0.460369 0.106433 0.0888797 0.710825
0 0.33746 0.310683 0.0754966 0.0548508 0.622226
0 0.869359 0.409478 0.104994 0.0828142 0.617967
0 0.101226 0.414904 0.0816737 0.072261 0.604753
0 0.88084 0.522215 0.108988 0.0886185 0.595352
0 0.143454 0.391669 0.0949274 0.0807414 0.586332
0 0.171663 0.482536 0.142356 0.106953 0.577167
0 0.851793 0.352511 0.0730789 0.0728647 0.526711
0 0.239627 0.318521 0.0729562 0.0563002 0.511509
