0 0.254673 0.363686 0.0835667 0.0794466 0.793898
0 0.424251 0.569904 0.122732 0.100739 0.790968
0 0.82875 0.439483 0.102938 0.0739593 0.780128
0 0.04354 0.461011 0.086883 0.0793372 0.779715
0 0.24432 0.482564 0.0978534 0.0798779 0.768095
0 0.331754 0.353994 0.076616 0.0674837 0.747359
2 0.752826 0.352393 0.262721 0.169996 0.737195
0 0.888105 0.558599 0.134475 0.121018 0.70762
0 0.303421 0.461236 0.0964705 0.0779231 0.699532
0 0.0336959 0.385163 0.0671975 0.0745953 0.695003
0 0.0444594 0.631151 0.0889189 0.0968207 0.659448
0 0.528023 0.548412 0.119412 0.108382 0.640885
