0 0.676147 0.530665 0.150819 0.215289 0.839691
0 0.359847 0.645697 0.249369 0.355275 0.836561
0 0.53499 0.399727 0.111743 0.139276 0.778177
0 0.427898 0.380078 0.130832 0.15803 0.772735
0 0.0753655 0.512378 0.150323 0.14845 0.728595
0 0.30661 0.382668 0.146841 0.148077 0.723478
0 0.828976 0.294432 0.0860289 0.0917001 0.714982
0 0.803188 0.395307 0.115668 0.119685 0.710353
0 0.0577839 0.673938 0.115165 0.23151 0.690043
0 0.510915 0.212965 0.0691607 0.0505205 0.648255
0 0.281442 0.271614 0.0712015 0.0633889 0.547926
