0 0.0702096 0.612173 0.139407 0.131953 0.810667
0 0.27952 0.382756 0.0875349 0.0723633 0.798548
0 0.409907 0.341806 0.0785638 0.060947 0.795058
0 0.763095 0.336962 0.0657696 0.0608626 0.768773
0 0.0714876 0.467798 0.105188 0.0987935 0.764541
0 0.237677 0.653917 0.13025 0.107723 0.756338
0 0.85715 0.353691 0.0687119 0.0749367 0.740949
0 0.128393 0.391736 0.0806061 0.0723689 0.739339
0 0.80373 0.552558 0.125557 0.0976108 0.737901
0 0.543381 0.52617 0.109691 0.0955704 0.719403
0 0.181654 0.375728 0.0818631 0.0786307 0.646616
0 0.180454 0.306165 0.0741844 0.0588156 0.644485
0 0.0792214 0.26589 0.0632909 0.0527558 0.578005
