0 0.0680815 0.616533 0.135835 0.117033 0.832739
2 0.711314 0.402308 0.178328 0.154057 0.779572
0 0.84337 0.4113 0.0907772 0.0658214 0.744493
0 0.0507745 0.400742 0.0785684 0.0699499 0.733098
0 0.262855 0.323252 0.0759154 0.0614436 0.732543
0 0.208765 0.381702 0.0855674 0.0825567 0.725426
0 0.872047 0.345957 0.0681227 0.0679016 0.708133
0 0.106719 0.385532 0.0820046 0.0725204 0.668518
0 0.440884 0.385234 0.0838711 0.0603224 0.600401
0 0.0195134 0.418349 0.0390268 0.0773131 0.555633
0 0.0578269 0.535661 0.109929 0.081683 0.516379
