0 0.100677 0.48556 0.0968974 0.0846395 0.829687
0 0.135043 0.427053 0.0881962 0.0763031 0.807271
0 0.366569 0.520797 0.110284 0.0921555 0.7914
0 0.785297 0.353682 0.0617905 0.0594586 0.763571
0 0.184929 0.383377 0.0852061 0.0723814 0.749778
0 0.849109 0.35818 0.0631994 0.0606951 0.737574
0 0.303499 0.346904 0.0823729 0.0681585 0.711078
0 0.244094 0.367493 0.0805305 0.0776961 0.691729
0 0.209428 0.663479 0.127879 0.103274 0.650805
0 0.729815 0.660869 0.130783 0.114345 0.626453
0 0.0555982 0.621862 0.110935 0.11494 0.592633
