0 0.639674 0.423207 0.100513 0.0808274 0.80392
0 0.113253 0.41736 0.0804568 0.0738591 0.796489
0 0.199896 0.411603 0.0861291 0.0700502 0.780099
0 0.037298 0.427131 0.0744384 0.0796717 0.762479
0 0.845163 0.448693 0.102403 0.0739291 0.738633
0 0.26568 0.338852 0.0849524 0.0725132 0.732959
0 0.871191 0.347426 0.068519 0.0708047 0.731018
0 0.089765 0.624717 0.174554 0.149141 0.72648
0 0.4028 0.358246 0.0786571 0.0614404 0.71409
0 0.33857 0.309802 0.0747421 0.0604112 0.660096
0 0.134036 0.292924 0.0715288 0.0551455 0.577957
