0 0.230297 0.396928 0.0886159 0.0745884 0.79477
0 0.730746 0.429612 0.10584 0.0813881 0.787025
0 0.785624 0.353512 0.0616361 0.0592845 0.721653
0 0.618296 0.403924 0.107749 0.0818576 0.720879
0 0.0936472 0.48146 0.0924547 0.0902413 0.705788
0 0.848918 0.358001 0.0628357 0.0604424 0.665845
0 0.209406 0.663936 0.127529 0.103023 0.649552
0 0.538855 0.49256 0.108289 0.0854916 0.647011
0 0.155702 0.455882 0.0924174 0.0878498 0.624874
0 0.0623224 0.321141 0.0757031 0.0638819 0.624181
0 0.607883 0.546725 0.114898 0.093289 0.608561
0 0.0213162 0.329944 0.0426324 0.0675039 0.53669
0 0.0561996 0.62157 0.112149 0.114327 0.518259
