0 0.0351125 0.394334 0.0702251 0.0790704 0.803837
0 0.808238 0.344106 0.0654184 0.0645085 0.783669
0 0.727605 0.423556 0.103927 0.0783173 0.733298
0 0.0278085 0.627833 0.0550044 0.122656 0.732421
0 0.682184 0.547978 0.161896 0.123657 0.732372
0 0.186463 0.379544 0.0719662 0.0762894 0.717504
0 0.24032 0.447962 0.100743 0.0873957 0.714403
0 0.307898 0.534631 0.118703 0.111425 0.66133
0 0.518052 0.554263 0.110343 0.0900729 0.599419
0 0.250864 0.365436 0.0768281 0.0715021 0.562817
0 0.220398 0.282955 0.0584269 0.0504345 0.544064
