0 0.0698482 0.610387 0.13931 0.125145 0.789664
0 0.0915641 0.415044 0.0853577 0.0726305 0.768614
0 0.671247 0.49774 0.11086 0.0860331 0.739981
0 0.190175 0.483099 0.142445 0.121531 0.738592
0 0.280882 0.382452 0.0872422 0.0719918 0.723366
0 0.356688 0.325011 0.0812206 0.0675489 0.708299
0 0.857948 0.354163 0.0690252 0.0690314 0.655852
0 0.856265 0.467823 0.111717 0.0819927 0.648731
0 0.252892 0.316005 0.0901049 0.0730483 0.606947
0 0.788219 0.41776 0.0780212 0.0593306 0.573821
0 0.0160624 0.454874 0.0321055 0.0807265 0.567022
0 0.0618958 0.294981 0.0690049 0.0554527 0.561966
0 0.738051 0.462508 0.0983841 0.0969556 0.519145
0 0.699002 0.40932 0.100759 0.0694062 0.508354
