0 0.734455 0.559393 0.132557 0.119211 0.840142
0 0.164592 0.457211 0.109544 0.0997213 0.788462
0 0.619394 0.4174 0.0948963 0.0774673 0.781332
0 0.300525 0.330363 0.0805961 0.0676892 0.780294
0 0.0854525 0.476488 0.0938088 0.083227 0.749649
0 0.164886 0.637179 0.125153 0.0978985 0.736627
0 0.422547 0.323184 0.0781976 0.0653398 0.735929
0 0.059555 0.40423 0.087293 0.0763908 0.705347
0 0.0990608 0.601755 0.125583 0.108959 0.604577
0 0.802046 0.319493 0.0650112 0.0697798 0.580474
0 0.562557 0.555362 0.118155 0.108708 0.55688
