0 0.459264 0.514536 0.163706 0.225372 0.755783
0 0.0799492 0.536193 0.157075 0.179099 0.70803
0 0.490713 0.215225 0.07713 0.0608884 0.695633
0 0.443864 0.38242 0.12678 0.138572 0.622673
0 0.854025 0.258365 0.0731701 0.0600277 0.604633
0 0.213647 0.834236 0.298105 0.312787 0.542194
0 0.920328 0.346667 0.107162 0.10236 0.541817
0 0.58637 0.180666 0.043757 0.036372 0.541149
0 0.986974 0.296805 0.0260519 0.0657944 0.50928
0 0.234216 0.256308 0.0452757 0.0423779 0.506389
0 0.273071 0.371724 0.121408 0.1262 0.502434
0 0.356412 0.370047 0.124075 0.134941 0.500729
