0 0.272478 0.379504 0.130404 0.128286 0.768208
0 0.622859 0.592506 0.196491 0.311387 0.740733
0 0.527533 0.424918 0.12894 0.181172 0.669757
0 0.869656 0.30493 0.082298 0.0823483 0.631246
0 0.4616 0.365004 0.119548 0.123208 0.625027
0 0.973633 0.296754 0.0527346 0.0663434 0.61778
0 0.15731 0.359936 0.0887737 0.0910878 0.580543
0 0.068784 0.57833 0.137069 0.216053 0.560493
0 0.0824098 0.454197 0.15741 0.135355 0.514965
0 0.238682 0.257326 0.0453095 0.0428403 0.504802
0 0.896952 0.267199 0.0737634 0.0711521 0.500883
