0 0.804615 0.341449 0.0837015 0.078725 0.768606
0 0.211274 0.389732 0.0771506 0.06589 0.768127
0 0.122025 0.366794 0.0776357 0.0627531 0.766958
0 0.0398538 0.401237 0.0797075 0.0795896 0.748811
0 0.647723 0.528161 0.107036 0.0892218 0.64085
0 0.128955 0.642315 0.126687 0.0969991 0.639914
0 0.885185 0.349549 0.0644489 0.0618045 0.638002
0 0.26127 0.375313 0.083027 0.0718545 0.633886
0 0.461569 0.586657 0.115665 0.093526 0.621281
0 0.243839 0.656994 0.128245 0.113102 0.566365
0 0.752003 0.335753 0.0563839 0.0597903 0.510674
