0 0.785359 0.353239 0.0617736 0.0599513 0.782527
0 0.410304 0.360422 0.0824032 0.0624075 0.764603
0 0.05744 0.624228 0.11488 0.113167 0.753284
0 0.184322 0.383091 0.0846651 0.0737375 0.74835
0 0.849992 0.358628 0.0643868 0.0607498 0.73667
0 0.245018 0.367602 0.0819794 0.0796215 0.72223
0 0.857411 0.532042 0.127022 0.0857439 0.677412
0 0.208524 0.664535 0.131267 0.103642 0.651784
0 0.388218 0.290589 0.0710462 0.0524162 0.638041
0 0.0394593 0.250977 0.0648429 0.0578062 0.599726
0 0.44576 0.473218 0.121339 0.0980121 0.587433
