0 0.804603 0.342427 0.0837127 0.077099 0.846546
0 0.122152 0.366131 0.0789678 0.0646352 0.832519
0 0.0386146 0.340779 0.075184 0.0658562 0.77918
0 0.233446 0.658083 0.124852 0.1041 0.773054
0 0.212308 0.388673 0.0787459 0.0664156 0.7544
0 0.15433 0.498234 0.0956821 0.0894266 0.710144
0 0.884318 0.349939 0.0634712 0.0610651 0.675998
0 0.260781 0.376047 0.0829905 0.0711762 0.665301
0 0.252947 0.485795 0.109245 0.0882709 0.635432
0 0.128455 0.641894 0.124421 0.0968648 0.57467
0 0.752215 0.336012 0.057362 0.0594759 0.521706
