0 0.184292 0.383789 0.084809 0.0730167 0.791438
0 0.293066 0.498039 0.107634 0.0876857 0.780448
0 0.10432 0.484584 0.0918606 0.0895776 0.775462
0 0.785177 0.35349 0.0609953 0.0594025 0.767927
0 0.35157 0.45519 0.0913743 0.0732286 0.746299
0 0.849656 0.357747 0.0636228 0.0616223 0.736534
0 0.244874 0.367256 0.0817255 0.078398 0.696725
0 0.0853079 0.34962 0.0767456 0.0738614 0.690711
0 0.209347 0.663953 0.127054 0.103934 0.642199
0 0.521118 0.55568 0.113228 0.0892907 0.60557
0 0.827335 0.594643 0.126676 0.0989843 0.591595
0 0.0558735 0.62159 0.111494 0.113734 0.553589
