0 0.132216 0.461227 0.0886574 0.0758476 0.784218
0 0.104273 0.639519 0.167583 0.130042 0.746885
0 0.806963 0.556127 0.130772 0.102455 0.716654
0 0.226694 0.363261 0.0983982 0.0833759 0.696802
0 0.633677 0.543053 0.15182 0.113911 0.674507
0 0.3721 0.521485 0.101078 0.0825767 0.669211
0 0.408817 0.459515 0.104351 0.0884546 0.640984
0 0.056873 0.404064 0.0828216 0.0762384 0.638476
0 0.255143 0.459676 0.0923797 0.0764011 0.635191
0 0.148572 0.401524 0.0781436 0.0685886 0.547242
0 0.300362 0.537013 0.107944 0.0991755 0.545062
