0 0.150003 0.368036 0.101323 0.0856087 0.812173
0 0.852268 0.353748 0.0738083 0.075144 0.783113
0 0.71199 0.533002 0.124324 0.0991105 0.760334
0 0.0335736 0.424423 0.0671472 0.0850984 0.757167
0 0.366214 0.450794 0.0935721 0.0781685 0.75286
0 0.12576 0.628356 0.161459 0.129846 0.740872
0 0.0325256 0.314635 0.0641671 0.0612321 0.674403
0 0.107658 0.328188 0.0668984 0.0609297 0.588109
0 0.421387 0.498707 0.100497 0.0807366 0.564069
0 0.230173 0.516834 0.111008 0.0845435 0.560365
0 0.219078 0.365455 0.0786021 0.071116 0.533514
0 0.0512109 0.603232 0.102227 0.118494 0.522696
0 0.210399 0.674668 0.128026 0.0955947 0.503121
