0 0.240048 0.452738 0.0990607 0.0798525 0.782517
0 0.383275 0.330845 0.0804125 0.0666507 0.779531
0 0.0574313 0.623742 0.114863 0.113692 0.751708
0 0.785173 0.353742 0.0610874 0.058597 0.748993
0 0.640776 0.390619 0.088357 0.0635361 0.740252
0 0.592116 0.491778 0.112497 0.0996208 0.736287
0 0.84948 0.358501 0.0647207 0.0603334 0.719024
0 0.146903 0.49835 0.0999028 0.081702 0.709709
0 0.115991 0.391213 0.0861187 0.0709803 0.706603
0 0.184111 0.3823 0.0849745 0.0723502 0.695501
0 0.244729 0.365893 0.0803235 0.0752415 0.678975
0 0.208888 0.664817 0.13057 0.102532 0.609666
