0 0.8525 0.352257 0.0733109 0.0696453 0.790182
0 0.251227 0.479997 0.115239 0.0969124 0.759326
0 0.710318 0.385529 0.0909626 0.0671114 0.740806
0 0.802508 0.458546 0.105045 0.0731304 0.736288
0 0.268926 0.334117 0.0905127 0.0730629 0.728416
0 0.520762 0.495927 0.108926 0.0845877 0.703694
0 0.599872 0.393799 0.0870943 0.0710023 0.703362
0 0.150935 0.537947 0.125201 0.104719 0.702885
0 0.490302 0.332673 0.0936194 0.0762256 0.682105
0 0.100382 0.415504 0.0811634 0.0717428 0.676405
0 0.143181 0.388748 0.0936547 0.0942772 0.594613
0 0.229249 0.282823 0.065951 0.0559786 0.520317
0 0.0397024 0.434972 0.0794048 0.0863513 0.505243
