0 0.693522 0.556862 0.134694 0.121617 0.819933
0 0.0578047 0.34505 0.0785683 0.0644194 0.803781
0 0.820071 0.3416 0.059431 0.0624373 0.803139
0 0.870853 0.348463 0.0663384 0.0728833 0.742825
0 0.23701 0.663044 0.135606 0.100445 0.720917
0 0.20265 0.503168 0.101266 0.0898189 0.713364
0 0.236532 0.419129 0.0933542 0.0849436 0.672195
0 0.120912 0.64173 0.119329 0.102673 0.629761
0 0.148415 0.447944 0.0910727 0.0857294 0.580856
0 0.454778 0.506645 0.110803 0.0846492 0.578184
0 0.179743 0.375914 0.0739875 0.076369 0.547365
0 0.145069 0.340562 0.0670953 0.0627669 0.543738
