0 0.0322823 0.35837 0.064498 0.0787459 0.816277
0 0.130012 0.393716 0.0847241 0.0763236 0.787729
0 0.0850403 0.617742 0.111315 0.0890614 0.764897
0 0.344662 0.362294 0.083093 0.0651589 0.735505
0 0.809933 0.417901 0.105503 0.0807867 0.700618
0 0.0478474 0.437357 0.0798341 0.0655365 0.68894
0 0.147936 0.28081 0.0662762 0.0568114 0.669968
0 0.595607 0.358248 0.0876745 0.0712501 0.663623
0 0.753184 0.335183 0.0728503 0.0717355 0.647181
0 0.719974 0.421281 0.106031 0.0832981 0.643164
0 0.817097 0.334698 0.0787361 0.0852206 0.6365
0 0.883002 0.321796 0.0610806 0.0636774 0.610294
0 0.0122527 0.449208 0.0245055 0.077248 0.588492
0 0.0190227 0.276318 0.0379276 0.0669425 0.510119
