0 0.864289 0.349476 0.0728146 0.0756844 0.81065
0 0.393975 0.37327 0.0779349 0.0622579 0.792838
0 0.0450954 0.368209 0.085321 0.0746671 0.791403
0 0.383476 0.562513 0.110557 0.0933234 0.756446
0 0.209807 0.408592 0.102101 0.093897 0.734409
0 0.278327 0.489079 0.106542 0.0964378 0.730782
0 0.160777 0.319562 0.0712219 0.0589709 0.702052
0 0.602445 0.379418 0.0844198 0.0640676 0.69388
0 0.111908 0.649392 0.130979 0.102321 0.654593
0 0.697417 0.603884 0.133127 0.109623 0.618188
0 0.88631 0.477017 0.0981262 0.0713901 0.582024
0 0.459557 0.504214 0.112601 0.0861764 0.510681
