0 0.245986 0.784296 0.300077 0.394781 0.760305
0 0.60489 0.230036 0.0780918 0.0578283 0.729467
0 0.456707 0.244234 0.083839 0.0693184 0.729174
0 0.529451 0.426009 0.130217 0.183051 0.707479
0 0.356097 0.366483 0.133909 0.143456 0.654497
0 0.908135 0.277474 0.0652412 0.0571103 0.649812
0 0.247189 0.584256 0.217886 0.25394 0.623647
0 0.0687187 0.579413 0.136969 0.218584 0.611645
0 0.114454 0.435368 0.150137 0.14787 0.5664
0 0.65646 0.20013 0.0577801 0.046164 0.558477
0 0.39539 0.22821 0.0530739 0.0537543 0.538601
0 0.463403 0.365409 0.114857 0.122688 0.525062
