0 0.113619 0.48883 0.100432 0.0875785 0.844353
0 0.146198 0.391733 0.084542 0.07827 0.799159
0 0.199525 0.328199 0.0771722 0.0602154 0.791515
0 0.100796 0.600261 0.127146 0.105955 0.78901
0 0.412899 0.354052 0.0696203 0.063196 0.750376
0 0.730105 0.608823 0.125273 0.114239 0.740331
0 0.82341 0.314406 0.066844 0.073506 0.740212
0 0.620038 0.39811 0.090799 0.0801692 0.739396
0 0.221412 0.477624 0.103886 0.095672 0.721305
0 0.745556 0.447097 0.100275 0.0752026 0.688093
0 0.318442 0.309128 0.0818721 0.0717049 0.687401
0 0.757499 0.540634 0.12316 0.093706 0.648445
0 0.508072 0.522938 0.108715 0.0930627 0.612185
0 0.715119 0.4013 0.0911245 0.0662101 0.609548
0 0.0819845 0.275958 0.0787684 0.0647416 0.591687
