0 0.377502 0.352343 0.086408 0.0675215 0.793995
0 0.70365 0.415317 0.0983799 0.0828278 0.775498
0 0.156742 0.31656 0.0755822 0.06339 0.774655
0 0.0751093 0.408893 0.0881024 0.0725811 0.72247
0 0.260235 0.294289 0.0743258 0.0566061 0.705419
0 0.54286 0.40426 0.0925893 0.0712602 0.653507
0 0.127372 0.388713 0.0755639 0.0733795 0.615533
0 0.0270966 0.42567 0.0540175 0.0869697 0.547931
0 0.880946 0.431056 0.0943264 0.0730599 0.511203
0 0.0117278 0.438376 0.0233009 0.0930169 0.504348
0 0.0192916 0.354381 0.0385462 0.0686655 0.50371
