0 0.0872396 0.474818 0.0843732 0.0817284 0.794686
0 0.661279 0.508524 0.118628 0.105203 0.748653
0 0.38114 0.561441 0.124995 0.0977498 0.747209
0 0.24598 0.365526 0.0841602 0.0733807 0.73594
0 0.876567 0.459528 0.121783 0.0914096 0.731602
0 0.0717115 0.400105 0.0963474 0.0792084 0.68609
0 0.274125 0.286774 0.07552 0.0600674 0.666685
0 0.410438 0.366946 0.0973064 0.0707788 0.66594
0 0.723734 0.646945 0.12905 0.119182 0.66324
0 0.133958 0.643749 0.125115 0.0872438 0.560201
0 0.358044 0.327827 0.065571 0.0545651 0.552029
0 0.601785 0.38637 0.11941 0.0825066 0.514238
0 0.133067 0.453648 0.0793474 0.0667354 0.512063
