0 0.123245 0.366667 0.0792368 0.063334 0.844733
0 0.804525 0.34194 0.0836809 0.0778246 0.830605
0 0.211682 0.389372 0.0785463 0.0670936 0.799461
0 0.374272 0.45896 0.100601 0.0763645 0.779527
0 0.230559 0.659735 0.124529 0.103085 0.741439
0 0.040852 0.340324 0.0768682 0.0649012 0.720507
0 0.449262 0.54713 0.110836 0.0890341 0.631229
0 0.884355 0.34995 0.062669 0.061383 0.600774
0 0.620181 0.539358 0.145703 0.121746 0.575358
0 0.257674 0.374912 0.0802725 0.0710634 0.554322
0 0.128182 0.640622 0.124052 0.0943102 0.514835
0 0.752159 0.335718 0.0569932 0.0596254 0.502924
