0 0.104854 0.410667 0.0830413 0.0680472 0.816306
0 0.0397223 0.42447 0.0794445 0.078736 0.800005
0 0.866173 0.34988 0.0674576 0.0664716 0.798715
0 0.399782 0.318291 0.0737334 0.0602392 0.793489
0 0.596581 0.389412 0.0880751 0.0665537 0.787788
0 0.727616 0.384044 0.0950726 0.0681892 0.76842
0 0.22598 0.357318 0.089358 0.0825306 0.725244
0 0.276123 0.338554 0.0781519 0.0611772 0.68631
0 0.164267 0.301073 0.0764799 0.0552187 0.675837
0 0.149805 0.381963 0.0855333 0.0840288 0.598463
0 0.263474 0.299543 0.0658296 0.0454432 0.511785
