0 0.154372 0.391891 0.0778749 0.0716844 0.805906
0 0.0877738 0.406178 0.0805314 0.0741058 0.7814
0 0.791429 0.393907 0.0928981 0.0695887 0.779648
0 0.0175099 0.411463 0.0350198 0.078861 0.775698
0 0.236058 0.359004 0.0870158 0.084335 0.763988
0 0.129865 0.300933 0.0782745 0.0644801 0.763222
0 0.735505 0.424459 0.0981908 0.0713425 0.758975
0 0.303897 0.346865 0.0810622 0.0629694 0.73879
0 0.667666 0.391842 0.0900808 0.0646542 0.730308
0 0.280766 0.306676 0.0772161 0.0547957 0.623769
0 0.0516152 0.365461 0.0838722 0.069897 0.584608
