0 0.107998 0.415772 0.0831141 0.0714414 0.771697
0 0.0483104 0.43504 0.0834083 0.0798994 0.759906
0 0.0481984 0.36746 0.0681077 0.0662991 0.710505
0 0.365106 0.48619 0.0768828 0.081581 0.693753
0 0.172364 0.315306 0.0664255 0.0535144 0.624561
0 0.817016 0.335015 0.075061 0.0832622 0.62397
0 0.378155 0.382985 0.0569837 0.0690808 0.613228
1 0.732985 0.421805 0.111019 0.127749 0.592023
0 0.881511 0.322283 0.0620171 0.0638548 0.555109
0 0.141728 0.387667 0.0953902 0.0842812 0.507355
0 0.178809 0.650469 0.173906 0.136731 0.503564
