0 0.816567 0.414038 0.12401 0.0941284 0.813499
0 0.185094 0.378047 0.0825405 0.080472 0.790109
0 0.306531 0.318001 0.0797009 0.060644 0.783894
0 0.0582435 0.345294 0.0790342 0.0648736 0.754802
0 0.237038 0.663987 0.135074 0.100166 0.710497
0 0.0790207 0.444457 0.0874214 0.0799591 0.709691
0 0.870118 0.347179 0.0665104 0.0715151 0.692511
0 0.120276 0.641963 0.118916 0.102274 0.651084
0 0.755253 0.661012 0.11923 0.107287 0.646907
0 0.244994 0.454049 0.0961882 0.0784694 0.580855
0 0.832182 0.545931 0.1305 0.102778 0.574107
0 0.145668 0.340878 0.0672637 0.0632184 0.533079
0 0.278975 0.531199 0.102472 0.1003 0.531237
0 0.0831651 0.278672 0.0588646 0.0571017 0.505793
