0 0.853283 0.352568 0.0728722 0.0762763 0.808698
0 0.4074 0.572735 0.114124 0.0966124 0.76267
0 0.728535 0.543818 0.117566 0.0905138 0.750751
0 0.670551 0.410128 0.0920478 0.0732708 0.733006
0 0.761964 0.337419 0.0662083 0.0635079 0.730278
0 0.310859 0.499063 0.112291 0.0972195 0.710727
0 0.0764038 0.60952 0.123527 0.101534 0.708036
0 0.236761 0.665335 0.127195 0.0980716 0.669568
0 0.105336 0.357555 0.0663586 0.0660108 0.642535
0 0.442532 0.342893 0.086545 0.0718521 0.626856
0 0.0551152 0.376996 0.0770366 0.0654143 0.564773
0 0.196997 0.507476 0.110053 0.0944849 0.554965
