0 0.123742 0.362343 0.0751588 0.0673793 0.835842
0 0.277784 0.465747 0.0963187 0.0780231 0.801826
0 0.221036 0.662284 0.146708 0.111608 0.756778
0 0.487235 0.550255 0.121211 0.0994059 0.745743
0 0.204996 0.390012 0.0870647 0.0674717 0.728313
0 0.0410778 0.337941 0.0722078 0.0626912 0.643745
0 0.252555 0.36334 0.0872766 0.0878593 0.602972
0 0.896008 0.595432 0.144395 0.127407 0.588417
0 0.795666 0.327857 0.0856127 0.104848 0.553493
2 0.897464 0.305157 0.15774 0.17481 0.549866
0 0.733881 0.332924 0.0615528 0.0756624 0.542343
