0 0.360631 0.348649 0.083017 0.0625588 0.777038
0 0.856047 0.35245 0.0653111 0.0702654 0.737267
0 0.402466 0.490953 0.0945685 0.0823858 0.712204
0 0.0893692 0.410024 0.0865908 0.0720327 0.696834
0 0.806775 0.345334 0.0581354 0.0618176 0.689265
0 0.756859 0.581183 0.119541 0.100424 0.673903
0 0.0943115 0.478942 0.107239 0.0994055 0.664919
0 0.68272 0.523225 0.119066 0.0946096 0.662587
0 0.260671 0.491753 0.100922 0.0845384 0.657826
0 0.344191 0.284109 0.0724463 0.0499448 0.636729
0 0.0185922 0.408966 0.0371256 0.0880136 0.632087
0 0.757186 0.334619 0.0759844 0.0732193 0.603565
0 0.251117 0.418046 0.081891 0.0812221 0.569917
0 0.0942483 0.59193 0.127091 0.0943162 0.518351
0 0.472656 0.354897 0.0793982 0.0637049 0.504722
0 0.469931 0.591665 0.113681 0.0940396 0.50298
