0 0.377432 0.367619 0.0834997 0.0632974 0.815427
0 0.621786 0.499867 0.114523 0.108273 0.795449
0 0.73464 0.415894 0.0955783 0.0765707 0.794071
0 0.0478716 0.426409 0.0816041 0.076915 0.779015
0 0.866723 0.349866 0.0678706 0.0661487 0.770161
0 0.132011 0.492133 0.103673 0.0840674 0.731686
0 0.229421 0.358498 0.0894631 0.0804583 0.690179
0 0.248171 0.481643 0.0904608 0.0853905 0.666886
0 0.101967 0.403141 0.0821906 0.0797485 0.582509
0 0.462197 0.505199 0.106502 0.08453 0.558601
0 0.266595 0.422258 0.0861955 0.0646372 0.528794
