0 0.212076 0.389564 0.076672 0.0666177 0.796611
0 0.723312 0.382629 0.0983157 0.076446 0.761767
0 0.766355 0.517153 0.113477 0.087386 0.7149
0 0.547904 0.467861 0.113606 0.0790385 0.697622
0 0.320098 0.322146 0.0767563 0.0574262 0.696693
0 0.883148 0.347944 0.0662918 0.0666886 0.664571
0 0.389337 0.355399 0.0732015 0.0583362 0.657157
0 0.84566 0.489986 0.111149 0.087429 0.607211
0 0.138168 0.386995 0.089098 0.0838787 0.605833
0 0.0156644 0.553885 0.0310945 0.0973356 0.604448
0 0.423753 0.383425 0.0733256 0.0591975 0.600468
0 0.257148 0.376491 0.0802222 0.0686785 0.580898
0 0.0445348 0.425901 0.0890696 0.095037 0.505153
