0 0.285369 0.433266 0.0929431 0.0900043 0.778867
0 0.109784 0.481209 0.107759 0.0996793 0.777703
0 0.784379 0.353803 0.0618977 0.0575841 0.742473
0 0.618029 0.410299 0.0877357 0.066557 0.719619
0 0.706892 0.42895 0.105243 0.0783569 0.708497
0 0.209438 0.664124 0.127686 0.103801 0.663715
0 0.0918349 0.326302 0.0835314 0.086034 0.647427
0 0.156856 0.431559 0.0849792 0.0777757 0.627587
0 0.854511 0.383619 0.0835173 0.0767166 0.606741
0 0.0560896 0.621834 0.111939 0.113799 0.531085
0 0.493699 0.435643 0.101307 0.072452 0.511932
0 0.0196171 0.415707 0.039178 0.084583 0.504929
