0 0.806558 0.459886 0.10307 0.0730338 0.829153
0 0.326249 0.341873 0.0790356 0.0610764 0.815364
0 0.82967 0.402898 0.0978278 0.0817103 0.807156
0 0.397726 0.373808 0.0782325 0.0628833 0.805437
0 0.0437358 0.570596 0.0872754 0.11952 0.763137
0 0.0513723 0.424866 0.0893348 0.0863786 0.725902
0 0.212723 0.504417 0.1115 0.0947217 0.696649
0 0.134119 0.307825 0.0706801 0.0599024 0.678003
0 0.727901 0.427518 0.0847315 0.0677844 0.655569
0 0.209226 0.295844 0.071204 0.0574097 0.613824
0 0.590791 0.361139 0.084922 0.0624698 0.562311
