0 0.107718 0.481218 0.110994 0.10108 0.769527
0 0.18966 0.379053 0.0845531 0.0759567 0.763448
0 0.712415 0.39904 0.0959147 0.0688575 0.755512
0 0.331838 0.333202 0.0838495 0.0692988 0.753723
0 0.0858901 0.294795 0.068501 0.0579286 0.720665
0 0.786429 0.445016 0.109069 0.0879563 0.716695
0 0.865196 0.353226 0.0606636 0.057303 0.613606
0 0.600548 0.361899 0.0858027 0.0621621 0.60787
0 0.0135659 0.224326 0.0271059 0.0553439 0.55006
0 0.245205 0.289305 0.0514623 0.0396907 0.53903
0 0.0468227 0.633202 0.0936454 0.0933086 0.528667
