0 0.365005 0.662734 0.253477 0.354256 0.928544
0 0.546861 0.397519 0.116498 0.150441 0.734418
0 0.287631 0.361983 0.127247 0.123669 0.709653
0 0.650726 0.211576 0.0712404 0.0554097 0.694522
0 0.908733 0.27697 0.0692017 0.0573847 0.674213
0 0.555602 0.22568 0.0806377 0.059611 0.65086
0 0.359173 0.252046 0.069444 0.0617033 0.634088
0 0.455342 0.365226 0.101131 0.123457 0.633606
0 0.0670876 0.576825 0.133767 0.206499 0.623228
0 0.802904 0.273128 0.0447559 0.0679638 0.601477
0 0.840827 0.24234 0.0652721 0.058494 0.565922
