0 0.417346 0.342818 0.0795816 0.0587801 0.778287
0 0.098957 0.304763 0.0707771 0.0548361 0.768169
0 0.834108 0.408843 0.0924591 0.0701955 0.762092
0 0.619526 0.401628 0.0911607 0.0760423 0.754238
0 0.104529 0.523002 0.109037 0.0864148 0.735139
0 0.0437875 0.426186 0.082948 0.0820017 0.723991
0 0.184805 0.306486 0.0707803 0.0579145 0.709715
0 0.711266 0.605377 0.0941352 0.0999827 0.692306
0 0.69438 0.50429 0.130701 0.0956816 0.66185
0 0.154472 0.396383 0.0816604 0.071552 0.637849
0 0.67744 0.390083 0.0684881 0.0692266 0.608902
0 0.0958791 0.409863 0.0928577 0.093476 0.587598
0 0.465868 0.390143 0.0919319 0.0659888 0.567403
0 0.494304 0.3398 0.0691488 0.0571943 0.507733
