0 0.365404 0.367328 0.0831667 0.061352 0.847048
0 0.0771435 0.610769 0.122351 0.107029 0.823504
0 0.766956 0.408759 0.0866245 0.0726115 0.805321
0 0.0915763 0.414432 0.0849978 0.0714362 0.794966
0 0.812316 0.536611 0.119785 0.0998298 0.683371
0 0.211614 0.49908 0.115127 0.0891876 0.625543
0 0.451517 0.320363 0.0937559 0.0795749 0.613329
0 0.309932 0.333232 0.0762789 0.0647912 0.601533
0 0.0245464 0.358553 0.0490928 0.0684903 0.575027
0 0.149456 0.401301 0.082992 0.0731093 0.554249
0 0.204644 0.381095 0.0961246 0.0869656 0.538409
0 0.0226504 0.415763 0.0453007 0.0782135 0.512229
