0 0.765915 0.334197 0.0614008 0.0627815 0.795543
0 0.19795 0.38652 0.0857968 0.0716829 0.770974
0 0.585516 0.397522 0.0864198 0.0638251 0.746552
0 0.843412 0.414331 0.0837849 0.0628214 0.735556
0 0.201297 0.477029 0.100666 0.0846409 0.725502
0 0.844796 0.313844 0.0619385 0.0562661 0.71523
0 0.134566 0.642754 0.135072 0.102929 0.706715
0 0.0358592 0.444715 0.0716808 0.11337 0.701251
0 0.0917772 0.413169 0.0866403 0.070235 0.673076
0 0.282019 0.463383 0.0974174 0.0776078 0.659526
0 0.056352 0.616609 0.112316 0.113699 0.601522
0 0.0542343 0.361153 0.082906 0.0772295 0.57801
0 0.310887 0.328905 0.0993584 0.080731 0.505488
