0 0.032702 0.467315 0.0653952 0.0804148 0.836628
0 0.319517 0.504131 0.105286 0.0960477 0.821683
0 0.847154 0.420423 0.0848633 0.0661926 0.796789
0 0.0863288 0.414197 0.0923283 0.076839 0.789695
0 0.687522 0.442648 0.102399 0.0744815 0.778387
0 0.209825 0.359122 0.0852618 0.0845456 0.707337
0 0.635712 0.515368 0.110501 0.0976949 0.704647
0 0.785573 0.353064 0.0609049 0.0577074 0.684478
0 0.209451 0.664087 0.128116 0.104477 0.66846
0 0.74196 0.404252 0.0907127 0.0674084 0.660121
0 0.46836 0.575269 0.138215 0.116737 0.633704
0 0.850143 0.356195 0.0638199 0.0627641 0.59339
0 0.0562294 0.622057 0.112195 0.113559 0.525703
