0 0.121857 0.365902 0.0779534 0.0639986 0.853689
0 0.038391 0.340864 0.074692 0.0662928 0.808985
0 0.803503 0.341525 0.0856607 0.0799162 0.805641
0 0.719016 0.535031 0.12587 0.101894 0.781056
0 0.540559 0.51862 0.11354 0.103868 0.77983
0 0.163446 0.470886 0.0929207 0.0795236 0.745657
0 0.379359 0.523135 0.112669 0.0931825 0.728396
0 0.212528 0.387111 0.0792942 0.0659873 0.697481
0 0.262009 0.453321 0.101605 0.0902709 0.695997
0 0.23086 0.659669 0.122996 0.102489 0.687008
0 0.886409 0.349578 0.0651592 0.0628669 0.656106
0 0.257586 0.372735 0.0801168 0.0687965 0.57682
0 0.327076 0.444977 0.0748196 0.0672442 0.555105
0 0.12777 0.640218 0.123915 0.0945131 0.541563
