0 0.388617 0.667717 0.249406 0.354068 0.867447
0 0.137723 0.716939 0.263332 0.341748 0.810765
0 0.894446 0.414066 0.102284 0.119673 0.751121
0 0.491454 0.265705 0.0837946 0.06514 0.740753
0 0.855509 0.305109 0.110805 0.0982608 0.697095
0 0.38565 0.248352 0.0635285 0.0562748 0.693337
0 0.959227 0.320901 0.0810967 0.0964943 0.675885
0 0.549858 0.405087 0.118218 0.153841 0.642141
0 0.374897 0.474026 0.165136 0.186915 0.605398
0 0.608491 0.207134 0.0558015 0.0431344 0.519948
0 0.0797381 0.523842 0.158627 0.207175 0.519301
