0 0.284044 0.462019 0.0951564 0.0813729 0.773091
0 0.184658 0.38369 0.0853107 0.0725271 0.768175
0 0.364219 0.51747 0.107139 0.0896754 0.746165
0 0.785256 0.354038 0.0617958 0.0589387 0.742506
0 0.849488 0.35839 0.0637299 0.0604994 0.721868
0 0.244865 0.366954 0.0818869 0.0770957 0.706738
0 0.0941782 0.480293 0.100378 0.0869836 0.704455
0 0.024865 0.425586 0.0497001 0.0766362 0.67314
0 0.656922 0.555254 0.114999 0.0974082 0.658234
0 0.209227 0.663848 0.127975 0.103473 0.65702
2 0.0561578 0.344513 0.111568 0.128793 0.598087
0 0.0557296 0.622357 0.111199 0.114414 0.56871
