0 0.652546 0.419888 0.0993621 0.0724019 0.827298
0 0.0690801 0.613957 0.13778 0.129595 0.79695
0 0.0917869 0.41483 0.0851552 0.0727532 0.783111
0 0.280582 0.382603 0.0877347 0.0707589 0.768686
0 0.735626 0.537831 0.110336 0.101698 0.768579
0 0.857476 0.3532 0.0683331 0.0748025 0.761041
0 0.26455 0.321276 0.0825592 0.0680854 0.747657
0 0.0916031 0.299948 0.0645825 0.0548127 0.695432
0 0.368408 0.366399 0.0854302 0.0684309 0.67856
0 0.370304 0.500326 0.114108 0.0946288 0.66481
0 0.697821 0.373796 0.0769894 0.0697683 0.653204
0 0.0163521 0.454513 0.0326631 0.0828105 0.601433
0 0.18109 0.272974 0.070819 0.0612127 0.586887
0 0.418338 0.342197 0.0575602 0.0514264 0.50072
