0 0.130719 0.48724 0.104736 0.0920686 0.773212
0 0.2461 0.332799 0.0779829 0.0683763 0.772727
0 0.197596 0.386694 0.0843732 0.07074 0.768483
0 0.0470006 0.396461 0.0869782 0.0870377 0.764657
0 0.717168 0.387445 0.0937971 0.0716922 0.752442
0 0.845039 0.314215 0.0622807 0.0568169 0.735751
0 0.766273 0.332646 0.0602762 0.0591917 0.725395
0 0.330517 0.541068 0.101304 0.0989996 0.722387
0 0.134109 0.643452 0.135132 0.104256 0.686988
0 0.0559589 0.616433 0.111451 0.115405 0.561678
0 0.801966 0.550192 0.133794 0.0969626 0.53331
