0 0.389946 0.366907 0.0908416 0.0711364 0.803296
0 0.695492 0.393143 0.10965 0.0868922 0.773646
0 0.849541 0.467392 0.10143 0.0793844 0.769503
0 0.855502 0.351133 0.0662289 0.0747375 0.766318
0 0.157769 0.538907 0.111212 0.0904686 0.716012
0 0.277365 0.329656 0.0770046 0.0618593 0.678095
0 0.192077 0.295159 0.0747667 0.0568156 0.670207
0 0.048519 0.427648 0.0970379 0.0859948 0.65276
0 0.342652 0.327282 0.067883 0.0562861 0.612367
0 0.814198 0.342117 0.0584309 0.0630331 0.60608
0 0.0927779 0.593599 0.131408 0.0958143 0.575844
0 0.120049 0.384203 0.091417 0.0797544 0.554965
0 0.0754386 0.313731 0.102149 0.0837513 0.534736
