0 0.414936 0.558193 0.141284 0.118411 0.847997
0 0.349434 0.443332 0.0965078 0.0757546 0.818365
0 0.706757 0.411715 0.115973 0.093625 0.811859
0 0.262325 0.334762 0.0807392 0.0738652 0.782447
0 0.174032 0.403446 0.0823222 0.0729502 0.7404
0 0.142837 0.639985 0.132725 0.101004 0.70542
0 0.62159 0.383285 0.0754167 0.066188 0.690154
0 0.179038 0.50277 0.101989 0.0882113 0.672717
0 0.0877632 0.279947 0.0755529 0.0614715 0.660672
0 0.259044 0.491614 0.0914135 0.0751138 0.592208
0 0.51695 0.508174 0.121601 0.115229 0.580132
0 0.0238838 0.389182 0.0477676 0.0681464 0.576501
