0 0.387431 0.373441 0.0854997 0.0628545 0.791021
0 0.761216 0.535638 0.107998 0.101266 0.771064
0 0.312717 0.47461 0.110115 0.0818078 0.759987
0 0.679796 0.373865 0.0767186 0.0663773 0.757227
0 0.119913 0.421207 0.0825472 0.0715688 0.737202
0 0.570687 0.467319 0.102445 0.0781765 0.713888
0 0.313509 0.317301 0.076143 0.06559 0.686718
0 0.123233 0.505883 0.135419 0.103572 0.622919
0 0.727134 0.607341 0.099177 0.106429 0.620755
0 0.544801 0.400551 0.0911894 0.075768 0.58802
0 0.222622 0.362545 0.0876459 0.0814564 0.550572
0 0.608493 0.379914 0.0850908 0.07222 0.515785
0 0.170041 0.403176 0.0827515 0.0778422 0.502319
