0 0.367187 0.504429 0.123673 0.0983154 0.819728
0 0.754866 0.430948 0.0968589 0.0702913 0.752506
0 0.143505 0.397733 0.0869444 0.0736454 0.751577
0 0.0320412 0.426622 0.063971 0.0798546 0.748199
0 0.0879101 0.610964 0.11913 0.0972246 0.733092
0 0.768968 0.568779 0.0809483 0.0988665 0.721029
0 0.30337 0.338727 0.0725378 0.0566118 0.715629
0 0.206453 0.389652 0.0829176 0.0653691 0.70817
0 0.24462 0.484619 0.109175 0.0906025 0.689538
0 0.643772 0.379307 0.103251 0.086637 0.673439
0 0.819937 0.405524 0.0927158 0.0659553 0.585794
