0 0.253196 0.395024 0.0882919 0.0792038 0.807619
0 0.820114 0.341163 0.0595573 0.0610558 0.787642
0 0.0861275 0.415491 0.0825491 0.0724323 0.775787
0 0.787366 0.544241 0.124242 0.105779 0.773798
0 0.317321 0.477422 0.104404 0.0870419 0.762973
0 0.675877 0.441214 0.102934 0.07488 0.760554
0 0.792084 0.398732 0.0870908 0.0671409 0.726365
0 0.45186 0.549508 0.146735 0.109357 0.707866
0 0.23637 0.662968 0.132956 0.101025 0.705585
0 0.870732 0.347844 0.0651071 0.0718474 0.661485
0 0.120296 0.641965 0.118527 0.101692 0.644406
0 0.601828 0.411982 0.094423 0.0643173 0.637605
0 0.319349 0.380928 0.093609 0.0829463 0.628406
0 0.0554531 0.316329 0.0783748 0.0716656 0.526782
