0 0.140761 0.456626 0.0989293 0.0814645 0.799021
0 0.269835 0.459629 0.0878176 0.0731125 0.792448
0 0.659217 0.420967 0.106495 0.0870578 0.770479
0 0.741746 0.537515 0.130094 0.100399 0.767289
0 0.381565 0.556752 0.120799 0.110268 0.740457
0 0.554483 0.516754 0.131504 0.108332 0.731392
0 0.856766 0.347584 0.0674496 0.0717818 0.718848
0 0.783661 0.428027 0.103214 0.0761948 0.711871
0 0.0324564 0.460874 0.0649128 0.0841283 0.697399
0 0.0589312 0.399609 0.0843734 0.0771347 0.683345
0 0.296713 0.423534 0.095889 0.0853678 0.544432
