0 0.702844 0.379266 0.0894367 0.0742316 0.80557
0 0.0692458 0.612136 0.137955 0.131896 0.803489
0 0.280467 0.383373 0.0868777 0.0692483 0.797286
0 0.0916533 0.415067 0.0857168 0.0731211 0.783374
0 0.573379 0.496109 0.115627 0.0924223 0.771783
0 0.857517 0.353621 0.0680031 0.0738683 0.746632
0 0.668118 0.430784 0.0835709 0.0682632 0.723663
0 0.817121 0.512619 0.107615 0.087107 0.706407
0 0.371743 0.455165 0.141019 0.107195 0.680952
0 0.347913 0.311377 0.0750285 0.0603863 0.667499
0 0.112116 0.288992 0.0716753 0.0579253 0.635421
0 0.0162276 0.454933 0.0324072 0.0818074 0.604996
0 0.178374 0.525183 0.145179 0.12371 0.573322
