0 0.852492 0.353443 0.0735312 0.0750158 0.809215
0 0.102242 0.358581 0.0791865 0.0673531 0.765054
0 0.125312 0.62809 0.162026 0.130342 0.754842
0 0.754391 0.332576 0.0838263 0.0776718 0.749916
0 0.193152 0.357274 0.0765922 0.0733962 0.729015
0 0.406242 0.416441 0.120205 0.0897177 0.727781
0 0.558116 0.536683 0.11349 0.0900974 0.716123
0 0.328336 0.390785 0.0814329 0.0682296 0.685834
0 0.187375 0.442831 0.0876083 0.0774118 0.624654
0 0.694808 0.637527 0.147185 0.135902 0.622774
0 0.210813 0.675665 0.130036 0.0959127 0.556841
0 0.0226681 0.366432 0.0453363 0.0736239 0.538495
