0 0.125243 0.381325 0.0806262 0.077682 0.833995
0 0.755241 0.389856 0.0946339 0.0692798 0.800192
0 0.363022 0.34012 0.0839357 0.0662722 0.783202
0 0.0319169 0.418183 0.0637036 0.0771708 0.781199
0 0.243128 0.370867 0.0878445 0.0725954 0.729883
0 0.0800123 0.407753 0.0779476 0.0707642 0.713083
0 0.0195358 0.348423 0.0390715 0.0686272 0.643376
0 0.565277 0.403725 0.0981247 0.0731486 0.633971
0 0.127635 0.287392 0.0664878 0.0535477 0.569484
0 0.0388034 0.27979 0.0727348 0.0606932 0.54315
0 0.201911 0.291909 0.0734461 0.052714 0.53024
0 0.855661 0.35527 0.0722624 0.0853668 0.522963
0 0.323358 0.303367 0.070287 0.053029 0.521767
