0 0.325606 0.362494 0.0813963 0.0631213 0.796303
0 0.772961 0.443496 0.121965 0.0885497 0.794392
0 0.53099 0.49842 0.117234 0.0919521 0.73711
0 0.852599 0.354032 0.0720593 0.0713656 0.682717
0 0.612187 0.458496 0.111051 0.0921753 0.666873
0 0.337159 0.310447 0.0727251 0.0530298 0.60776
0 0.238884 0.31982 0.0739685 0.0552248 0.605549
0 0.87774 0.521888 0.102353 0.0912416 0.567255
0 0.223557 0.531756 0.139526 0.108121 0.558151
0 0.142963 0.387968 0.0938483 0.0902534 0.55768
0 0.867151 0.407726 0.102662 0.0835172 0.552645
0 0.217249 0.366154 0.0800362 0.0695201 0.546475
0 0.0984343 0.413431 0.0836017 0.0748896 0.529333
