0 0.63925 0.420455 0.092017 0.0790326 0.798363
0 0.293901 0.461696 0.0933593 0.085788 0.793923
0 0.10885 0.438509 0.099004 0.0962656 0.760053
0 0.281517 0.324428 0.0832835 0.0686482 0.745243
0 0.697745 0.570855 0.123615 0.0997745 0.694361
0 0.365439 0.331576 0.0793503 0.0599516 0.691767
0 0.773095 0.541524 0.123333 0.0952327 0.667607
0 0.113251 0.272907 0.0658059 0.0558858 0.635268
0 0.877794 0.341503 0.0788752 0.080127 0.613742
0 0.455353 0.573263 0.123679 0.110002 0.580948
0 0.0603163 0.615362 0.120633 0.111303 0.518695
0 0.683828 0.396859 0.091399 0.0803284 0.501213
