0 0.039754 0.430452 0.0795079 0.0789724 0.830739
0 0.101655 0.59992 0.127246 0.107078 0.803012
0 0.714274 0.506465 0.13172 0.0991875 0.797733
0 0.263511 0.321588 0.0764464 0.0622852 0.765076
0 0.367469 0.36897 0.08581 0.0622485 0.734132
0 0.548849 0.473586 0.0996848 0.0706735 0.683363
0 0.860986 0.412473 0.087772 0.0669829 0.680135
0 0.676347 0.429855 0.0980957 0.0771244 0.674841
0 0.133542 0.391889 0.0765416 0.0765863 0.644199
0 0.234782 0.503315 0.121996 0.088591 0.608313
0 0.218756 0.281707 0.0670608 0.0537557 0.605594
0 0.72919 0.41321 0.0858326 0.0796959 0.504864
