0 0.149577 0.36811 0.101348 0.0852161 0.812501
0 0.852252 0.353503 0.0736118 0.0753513 0.79219
0 0.353017 0.451464 0.092168 0.0773701 0.767634
0 0.754306 0.332583 0.0836172 0.0772686 0.761798
0 0.125383 0.628585 0.162248 0.130002 0.74962
0 0.339332 0.553189 0.102476 0.095453 0.732966
0 0.043845 0.342908 0.0760068 0.0643127 0.676644
0 0.0273821 0.395489 0.0547333 0.0774662 0.676576
0 0.529272 0.553149 0.118334 0.0987339 0.662498
0 0.21091 0.675748 0.129403 0.0952884 0.553621
0 0.218653 0.365957 0.0781915 0.0707841 0.522732
