2 0.755998 0.35684 0.273282 0.172354 0.878014
0 0.044382 0.4629 0.0859353 0.0785641 0.855017
0 0.888301 0.559558 0.133118 0.12027 0.794673
0 0.254697 0.363907 0.0836098 0.0773603 0.785514
0 0.425771 0.571589 0.127591 0.10662 0.746504
0 0.242759 0.483126 0.0947382 0.0828794 0.737565
0 0.0342394 0.386799 0.0684734 0.0746334 0.731886
0 0.331748 0.356051 0.0751382 0.067061 0.70362
0 0.045286 0.632635 0.0897263 0.102546 0.694574
0 0.828072 0.439485 0.101963 0.0770579 0.676733
0 0.302136 0.461797 0.0946799 0.0771761 0.664324
0 0.52271 0.548872 0.127821 0.10719 0.502817
