0 0.366768 0.418697 0.0882638 0.0789129 0.787187
0 0.608065 0.503544 0.115321 0.100407 0.782096
0 0.776594 0.42405 0.0939342 0.0741324 0.77643
0 0.75422 0.331481 0.0809629 0.0726546 0.772174
0 0.125278 0.627889 0.162718 0.13165 0.754701
0 0.853001 0.352452 0.0717361 0.0726763 0.751342
0 0.0593934 0.320571 0.0729864 0.071955 0.699681
0 0.216556 0.409995 0.101835 0.0885821 0.681263
0 0.144212 0.373819 0.0815157 0.0728778 0.603833
0 0.521336 0.411217 0.0911938 0.0624392 0.597586
0 0.463332 0.546551 0.0972351 0.086712 0.581534
0 0.210965 0.675748 0.130033 0.0964713 0.546074
